4096
0	187 0
1	188 0
2	173 0
3	149 0
4	120 0
5	111 0
6	116 0
7	116 0
8	121 0
9	139 0
10	157 0
11	135 0
12	106 0
13	108 0
14	112 0
15	110 0
16	110 0
17	115 0
18	122 0
19	124 0
20	119 0
21	112 0
22	107 0
23	109 0
24	150 0
25	131 0
26	106 0
27	118 0
28	126 0
29	117 0
30	111 0
31	104 0
32	98 0
33	100 0
34	101 0
35	105 0
36	112 0
37	114 0
38	112 0
39	109 0
40	107 0
41	118 0
42	115 0
43	103 0
44	102 0
45	105 0
46	102 0
47	99 0
48	99 0
49	103 0
50	105 0
51	108 0
52	109 0
53	109 0
54	110 0
55	111 0
56	110 0
57	110 0
58	110 0
59	109 0
60	110 0
61	111 0
62	111 0
63	107 0
64	155 0
65	185 0
66	203 0
67	189 0
68	157 0
69	132 0
70	127 0
71	131 0
72	138 0
73	166 0
74	188 0
75	163 0
76	112 0
77	116 0
78	121 0
79	122 0
80	126 0
81	130 0
82	133 0
83	132 0
84	131 0
85	125 0
86	126 0
87	130 0
88	168 0
89	173 0
90	137 0
91	151 0
92	140 0
93	136 0
94	151 0
95	154 0
96	139 0
97	128 0
98	125 0
99	120 0
100	122 0
101	129 0
102	132 0
103	130 0
104	122 0
105	120 0
106	122 0
107	118 0
108	111 0
109	104 0
110	103 0
111	107 0
112	114 0
113	121 0
114	120 0
115	121 0
116	120 0
117	118 0
118	117 0
119	117 0
120	117 0
121	116 0
122	116 0
123	117 0
124	115 0
125	117 0
126	118 0
127	118 0
128	152 0
129	147 0
130	159 0
131	188 0
132	202 0
133	187 0
134	153 0
135	134 0
136	137 0
137	158 0
138	189 0
139	185 0
140	140 0
141	123 0
142	126 0
143	126 0
144	126 0
145	126 0
146	128 0
147	129 0
148	130 0
149	138 0
150	157 0
151	183 0
152	192 0
153	170 0
154	119 0
155	144 0
156	162 0
157	151 0
158	162 0
159	156 0
160	155 0
161	162 0
162	153 0
163	146 0
164	136 0
165	134 0
166	134 0
167	134 0
168	130 0
169	114 0
170	117 0
171	134 0
172	135 0
173	125 0
174	127 0
175	127 0
176	132 0
177	130 0
178	128 0
179	125 0
180	125 0
181	125 0
182	125 0
183	126 0
184	124 0
185	123 0
186	124 0
187	125 0
188	124 0
189	126 0
190	126 0
191	124 0
192	174 0
193	167 0
194	161 0
195	159 0
196	179 0
197	202 0
198	186 0
199	149 0
200	146 0
201	145 0
202	180 0
203	203 0
204	159 0
205	137 0
206	140 0
207	138 0
208	135 0
209	130 0
210	128 0
211	126 0
212	122 0
213	133 0
214	181 0
215	210 0
216	199 0
217	157 0
218	141 0
219	127 0
220	136 0
221	147 0
222	132 0
223	123 0
224	133 0
225	153 0
226	163 0
227	163 0
228	145 0
229	134 0
230	126 0
231	118 0
232	123 0
233	122 0
234	119 0
235	133 0
236	151 0
237	154 0
238	163 0
239	162 0
240	155 0
241	154 0
242	142 0
243	127 0
244	125 0
245	124 0
246	123 0
247	125 0
248	122 0
249	123 0
250	124 0
251	125 0
252	126 0
253	126 0
254	125 0
255	123 0
256	179 0
257	177 0
258	175 0
259	174 0
260	173 0
261	183 0
262	185 0
263	174 0
264	174 0
265	162 0
266	169 0
267	197 0
268	172 0
269	150 0
270	154 0
271	152 0
272	148 0
273	144 0
274	142 0
275	140 0
276	134 0
277	156 0
278	210 0
279	198 0
280	147 0
281	132 0
282	132 0
283	136 0
284	139 0
285	142 0
286	147 0
287	143 0
288	153 0
289	137 0
290	130 0
291	162 0
292	145 0
293	122 0
294	132 0
295	141 0
296	134 0
297	137 0
298	132 0
299	136 0
300	140 0
301	143 0
302	151 0
303	156 0
304	161 0
305	153 0
306	150 0
307	139 0
308	143 0
309	135 0
310	123 0
311	117 0
312	116 0
313	116 0
314	117 0
315	120 0
316	121 0
317	123 0
318	125 0
319	127 0
320	198 0
321	195 0
322	193 0
323	198 0
324	202 0
325	190 0
326	182 0
327	191 0
328	190 0
329	168 0
330	166 0
331	195 0
332	212 0
333	172 0
334	158 0
335	164 0
336	167 0
337	168 0
338	168 0
339	168 0
340	152 0
341	177 0
342	207 0
343	148 0
344	125 0
345	128 0
346	132 0
347	146 0
348	162 0
349	167 0
350	165 0
351	174 0
352	170 0
353	159 0
354	154 0
355	149 0
356	140 0
357	119 0
358	119 0
359	132 0
360	141 0
361	162 0
362	190 0
363	151 0
364	140 0
365	153 0
366	151 0
367	168 0
368	194 0
369	175 0
370	146 0
371	133 0
372	124 0
373	128 0
374	135 0
375	134 0
376	141 0
377	140 0
378	129 0
379	120 0
380	117 0
381	121 0
382	127 0
383	129 0
384	216 0
385	211 0
386	208 0
387	210 0
388	212 0
389	208 0
390	202 0
391	202 0
392	195 0
393	175 0
394	169 0
395	197 0
396	216 0
397	201 0
398	176 0
399	181 0
400	178 0
401	171 0
402	163 0
403	156 0
404	148 0
405	176 0
406	169 0
407	140 0
408	150 0
409	155 0
410	156 0
411	152 0
412	142 0
413	139 0
414	144 0
415	148 0
416	144 0
417	140 0
418	147 0
419	162 0
420	158 0
421	139 0
422	137 0
423	149 0
424	182 0
425	173 0
426	180 0
427	182 0
428	125 0
429	145 0
430	183 0
431	196 0
432	185 0
433	164 0
434	148 0
435	144 0
436	139 0
437	162 0
438	166 0
439	156 0
440	153 0
441	156 0
442	156 0
443	153 0
444	140 0
445	126 0
446	129 0
447	136 0
448	218 0
449	214 0
450	213 0
451	214 0
452	218 0
453	216 0
454	217 0
455	213 0
456	212 0
457	203 0
458	196 0
459	199 0
460	213 0
461	218 0
462	185 0
463	175 0
464	174 0
465	171 0
466	171 0
467	172 0
468	175 0
469	177 0
470	178 0
471	183 0
472	184 0
473	178 0
474	169 0
475	161 0
476	160 0
477	159 0
478	158 0
479	154 0
480	150 0
481	146 0
482	139 0
483	139 0
484	167 0
485	186 0
486	192 0
487	212 0
488	212 0
489	201 0
490	185 0
491	178 0
492	195 0
493	183 0
494	152 0
495	149 0
496	154 0
497	153 0
498	143 0
499	151 0
500	185 0
501	197 0
502	187 0
503	194 0
504	189 0
505	169 0
506	149 0
507	142 0
508	148 0
509	149 0
510	164 0
511	159 0
512	224 0
513	220 0
514	217 0
515	213 0
516	212 0
517	223 0
518	236 0
519	227 0
520	216 0
521	208 0
522	209 0
523	210 0
524	216 0
525	219 0
526	200 0
527	196 0
528	195 0
529	195 0
530	196 0
531	204 0
532	211 0
533	216 0
534	220 0
535	212 0
536	205 0
537	193 0
538	181 0
539	181 0
540	183 0
541	180 0
542	172 0
543	169 0
544	162 0
545	158 0
546	163 0
547	174 0
548	194 0
549	201 0
550	201 0
551	207 0
552	210 0
553	217 0
554	219 0
555	197 0
556	185 0
557	185 0
558	180 0
559	152 0
560	175 0
561	174 0
562	153 0
563	150 0
564	152 0
565	159 0
566	165 0
567	168 0
568	167 0
569	173 0
570	178 0
571	182 0
572	195 0
573	194 0
574	182 0
575	184 0
576	228 0
577	225 0
578	226 0
579	223 0
580	222 0
581	236 0
582	234 0
583	223 0
584	219 0
585	226 0
586	234 0
587	238 0
588	236 0
589	232 0
590	212 0
591	204 0
592	211 0
593	211 0
594	209 0
595	204 0
596	204 0
597	201 0
598	197 0
599	189 0
600	183 0
601	185 0
602	193 0
603	200 0
604	205 0
605	204 0
606	203 0
607	205 0
608	206 0
609	206 0
610	209 0
611	200 0
612	191 0
613	182 0
614	180 0
615	182 0
616	190 0
617	196 0
618	197 0
619	196 0
620	167 0
621	142 0
622	160 0
623	186 0
624	206 0
625	199 0
626	179 0
627	180 0
628	182 0
629	189 0
630	170 0
631	160 0
632	170 0
633	187 0
634	194 0
635	197 0
636	196 0
637	198 0
638	192 0
639	175 0
640	235 0
641	228 0
642	226 0
643	232 0
644	230 0
645	225 0
646	214 0
647	210 0
648	216 0
649	220 0
650	215 0
651	214 0
652	218 0
653	225 0
654	222 0
655	211 0
656	211 0
657	207 0
658	202 0
659	207 0
660	207 0
661	204 0
662	201 0
663	209 0
664	212 0
665	185 0
666	160 0
667	147 0
668	144 0
669	183 0
670	209 0
671	209 0
672	207 0
673	206 0
674	200 0
675	192 0
676	189 0
677	191 0
678	182 0
679	167 0
680	161 0
681	163 0
682	162 0
683	175 0
684	193 0
685	176 0
686	167 0
687	173 0
688	182 0
689	195 0
690	205 0
691	205 0
692	202 0
693	206 0
694	204 0
695	193 0
696	190 0
697	192 0
698	183 0
699	188 0
700	195 0
701	195 0
702	194 0
703	186 0
704	227 0
705	227 0
706	226 0
707	225 0
708	222 0
709	217 0
710	216 0
711	213 0
712	211 0
713	211 0
714	209 0
715	205 0
716	205 0
717	205 0
718	206 0
719	208 0
720	206 0
721	206 0
722	204 0
723	164 0
724	137 0
725	161 0
726	182 0
727	150 0
728	128 0
729	92 0
730	77 0
731	78 0
732	77 0
733	92 0
734	101 0
735	125 0
736	145 0
737	142 0
738	122 0
739	114 0
740	90 0
741	94 0
742	136 0
743	164 0
744	181 0
745	176 0
746	161 0
747	162 0
748	180 0
749	199 0
750	203 0
751	194 0
752	187 0
753	189 0
754	200 0
755	196 0
756	191 0
757	192 0
758	192 0
759	200 0
760	199 0
761	195 0
762	194 0
763	197 0
764	190 0
765	182 0
766	177 0
767	167 0
768	222 0
769	218 0
770	218 0
771	220 0
772	221 0
773	220 0
774	218 0
775	217 0
776	214 0
777	211 0
778	206 0
779	207 0
780	209 0
781	210 0
782	209 0
783	205 0
784	210 0
785	202 0
786	125 0
787	75 0
788	68 0
789	74 0
790	83 0
791	77 0
792	69 0
793	78 0
794	82 0
795	82 0
796	85 0
797	84 0
798	82 0
799	77 0
800	76 0
801	73 0
802	77 0
803	87 0
804	68 0
805	70 0
806	71 0
807	81 0
808	102 0
809	134 0
810	152 0
811	167 0
812	157 0
813	127 0
814	122 0
815	136 0
816	170 0
817	178 0
818	171 0
819	176 0
820	177 0
821	181 0
822	175 0
823	172 0
824	181 0
825	190 0
826	193 0
827	184 0
828	176 0
829	177 0
830	180 0
831	175 0
832	232 0
833	229 0
834	226 0
835	227 0
836	224 0
837	221 0
838	221 0
839	221 0
840	219 0
841	219 0
842	214 0
843	200 0
844	191 0
845	182 0
846	179 0
847	184 0
848	165 0
849	100 0
850	76 0
851	79 0
852	79 0
853	78 0
854	77 0
855	82 0
856	71 0
857	66 0
858	70 0
859	70 0
860	70 0
861	72 0
862	75 0
863	76 0
864	79 0
865	82 0
866	84 0
867	91 0
868	92 0
869	92 0
870	74 0
871	81 0
872	77 0
873	74 0
874	74 0
875	83 0
876	77 0
877	68 0
878	73 0
879	66 0
880	83 0
881	130 0
882	171 0
883	167 0
884	160 0
885	165 0
886	161 0
887	155 0
888	156 0
889	164 0
890	161 0
891	154 0
892	157 0
893	162 0
894	161 0
895	154 0
896	172 0
897	172 0
898	182 0
899	182 0
900	197 0
901	208 0
902	203 0
903	203 0
904	198 0
905	177 0
906	119 0
907	99 0
908	94 0
909	93 0
910	104 0
911	95 0
912	79 0
913	82 0
914	96 0
915	78 0
916	75 0
917	72 0
918	73 0
919	83 0
920	82 0
921	71 0
922	71 0
923	69 0
924	70 0
925	64 0
926	64 0
927	70 0
928	74 0
929	63 0
930	66 0
931	82 0
932	96 0
933	87 0
934	69 0
935	68 0
936	65 0
937	72 0
938	74 0
939	72 0
940	89 0
941	82 0
942	90 0
943	88 0
944	70 0
945	68 0
946	109 0
947	161 0
948	170 0
949	165 0
950	157 0
951	151 0
952	150 0
953	147 0
954	147 0
955	146 0
956	145 0
957	143 0
958	140 0
959	135 0
960	106 0
961	108 0
962	111 0
963	104 0
964	111 0
965	112 0
966	105 0
967	108 0
968	99 0
969	91 0
970	86 0
971	84 0
972	96 0
973	101 0
974	78 0
975	104 0
976	84 0
977	71 0
978	71 0
979	77 0
980	72 0
981	72 0
982	66 0
983	68 0
984	74 0
985	72 0
986	65 0
987	64 0
988	62 0
989	64 0
990	65 0
991	67 0
992	53 0
993	58 0
994	64 0
995	88 0
996	85 0
997	77 0
998	65 0
999	71 0
1000	53 0
1001	75 0
1002	74 0
1003	55 0
1004	84 0
1005	84 0
1006	65 0
1007	59 0
1008	58 0
1009	60 0
1010	57 0
1011	85 0
1012	114 0
1013	132 0
1014	149 0
1015	152 0
1016	147 0
1017	146 0
1018	143 0
1019	142 0
1020	137 0
1021	136 0
1022	135 0
1023	131 0
1024	107 0
1025	101 0
1026	101 0
1027	91 0
1028	89 0
1029	88 0
1030	99 0
1031	92 0
1032	93 0
1033	100 0
1034	101 0
1035	103 0
1036	111 0
1037	76 0
1038	91 0
1039	102 0
1040	86 0
1041	73 0
1042	66 0
1043	66 0
1044	65 0
1045	70 0
1046	66 0
1047	70 0
1048	65 0
1049	70 0
1050	73 0
1051	62 0
1052	58 0
1053	50 0
1054	55 0
1055	66 0
1056	101 0
1057	115 0
1058	117 0
1059	105 0
1060	92 0
1061	86 0
1062	73 0
1063	69 0
1064	49 0
1065	60 0
1066	65 0
1067	54 0
1068	53 0
1069	83 0
1070	68 0
1071	59 0
1072	65 0
1073	69 0
1074	52 0
1075	40 0
1076	46 0
1077	61 0
1078	80 0
1079	116 0
1080	140 0
1081	142 0
1082	143 0
1083	140 0
1084	140 0
1085	142 0
1086	143 0
1087	142 0
1088	99 0
1089	89 0
1090	84 0
1091	84 0
1092	91 0
1093	111 0
1094	91 0
1095	65 0
1096	76 0
1097	82 0
1098	88 0
1099	108 0
1100	106 0
1101	102 0
1102	107 0
1103	65 0
1104	53 0
1105	65 0
1106	80 0
1107	70 0
1108	64 0
1109	64 0
1110	74 0
1111	66 0
1112	57 0
1113	69 0
1114	67 0
1115	72 0
1116	79 0
1117	92 0
1118	120 0
1119	155 0
1120	174 0
1121	125 0
1122	52 0
1123	38 0
1124	59 0
1125	65 0
1126	68 0
1127	63 0
1128	52 0
1129	71 0
1130	68 0
1131	56 0
1132	62 0
1133	71 0
1134	60 0
1135	60 0
1136	74 0
1137	108 0
1138	101 0
1139	51 0
1140	44 0
1141	37 0
1142	45 0
1143	52 0
1144	66 0
1145	80 0
1146	109 0
1147	127 0
1148	130 0
1149	131 0
1150	131 0
1151	130 0
1152	105 0
1153	102 0
1154	108 0
1155	106 0
1156	101 0
1157	89 0
1158	81 0
1159	84 0
1160	75 0
1161	65 0
1162	89 0
1163	83 0
1164	89 0
1165	92 0
1166	74 0
1167	91 0
1168	88 0
1169	79 0
1170	87 0
1171	77 0
1172	61 0
1173	62 0
1174	66 0
1175	69 0
1176	72 0
1177	73 0
1178	99 0
1179	89 0
1180	86 0
1181	99 0
1182	136 0
1183	149 0
1184	107 0
1185	65 0
1186	43 0
1187	32 0
1188	33 0
1189	59 0
1190	67 0
1191	55 0
1192	44 0
1193	62 0
1194	52 0
1195	42 0
1196	53 0
1197	59 0
1198	52 0
1199	62 0
1200	71 0
1201	94 0
1202	109 0
1203	101 0
1204	93 0
1205	56 0
1206	32 0
1207	32 0
1208	31 0
1209	33 0
1210	49 0
1211	61 0
1212	75 0
1213	77 0
1214	72 0
1215	84 0
1216	79 0
1217	87 0
1218	94 0
1219	97 0
1220	89 0
1221	87 0
1222	85 0
1223	79 0
1224	70 0
1225	101 0
1226	127 0
1227	94 0
1228	112 0
1229	76 0
1230	79 0
1231	118 0
1232	79 0
1233	67 0
1234	78 0
1235	81 0
1236	81 0
1237	71 0
1238	66 0
1239	67 0
1240	80 0
1241	117 0
1242	102 0
1243	64 0
1244	94 0
1245	79 0
1246	57 0
1247	58 0
1248	56 0
1249	60 0
1250	73 0
1251	96 0
1252	81 0
1253	40 0
1254	40 0
1255	49 0
1256	70 0
1257	42 0
1258	53 0
1259	60 0
1260	59 0
1261	96 0
1262	57 0
1263	27 0
1264	58 0
1265	69 0
1266	93 0
1267	155 0
1268	144 0
1269	114 0
1270	88 0
1271	74 0
1272	58 0
1273	40 0
1274	41 0
1275	47 0
1276	52 0
1277	45 0
1278	42 0
1279	50 0
1280	76 0
1281	73 0
1282	74 0
1283	72 0
1284	81 0
1285	84 0
1286	86 0
1287	92 0
1288	110 0
1289	115 0
1290	107 0
1291	117 0
1292	99 0
1293	63 0
1294	110 0
1295	84 0
1296	58 0
1297	61 0
1298	60 0
1299	75 0
1300	76 0
1301	75 0
1302	68 0
1303	95 0
1304	147 0
1305	100 0
1306	95 0
1307	142 0
1308	95 0
1309	58 0
1310	48 0
1311	46 0
1312	53 0
1313	65 0
1314	73 0
1315	72 0
1316	99 0
1317	81 0
1318	66 0
1319	68 0
1320	77 0
1321	80 0
1322	43 0
1323	67 0
1324	88 0
1325	83 0
1326	88 0
1327	53 0
1328	72 0
1329	60 0
1330	76 0
1331	81 0
1332	86 0
1333	116 0
1334	127 0
1335	111 0
1336	120 0
1337	106 0
1338	58 0
1339	50 0
1340	51 0
1341	57 0
1342	49 0
1343	47 0
1344	78 0
1345	77 0
1346	81 0
1347	76 0
1348	80 0
1349	85 0
1350	84 0
1351	89 0
1352	99 0
1353	99 0
1354	111 0
1355	82 0
1356	72 0
1357	86 0
1358	112 0
1359	89 0
1360	88 0
1361	85 0
1362	82 0
1363	72 0
1364	62 0
1365	76 0
1366	112 0
1367	154 0
1368	121 0
1369	132 0
1370	160 0
1371	112 0
1372	81 0
1373	57 0
1374	37 0
1375	39 0
1376	54 0
1377	34 0
1378	33 0
1379	40 0
1380	70 0
1381	127 0
1382	93 0
1383	82 0
1384	85 0
1385	111 0
1386	101 0
1387	53 0
1388	50 0
1389	54 0
1390	56 0
1391	63 0
1392	53 0
1393	59 0
1394	53 0
1395	56 0
1396	71 0
1397	61 0
1398	33 0
1399	76 0
1400	144 0
1401	115 0
1402	68 0
1403	62 0
1404	58 0
1405	54 0
1406	53 0
1407	48 0
1408	98 0
1409	100 0
1410	96 0
1411	93 0
1412	84 0
1413	82 0
1414	96 0
1415	118 0
1416	127 0
1417	110 0
1418	94 0
1419	96 0
1420	85 0
1421	79 0
1422	92 0
1423	87 0
1424	72 0
1425	109 0
1426	106 0
1427	82 0
1428	108 0
1429	132 0
1430	144 0
1431	124 0
1432	121 0
1433	107 0
1434	82 0
1435	58 0
1436	55 0
1437	74 0
1438	45 0
1439	38 0
1440	50 0
1441	28 0
1442	44 0
1443	38 0
1444	105 0
1445	151 0
1446	79 0
1447	60 0
1448	49 0
1449	72 0
1450	94 0
1451	88 0
1452	79 0
1453	84 0
1454	61 0
1455	46 0
1456	59 0
1457	69 0
1458	54 0
1459	71 0
1460	62 0
1461	40 0
1462	52 0
1463	113 0
1464	132 0
1465	88 0
1466	48 0
1467	58 0
1468	45 0
1469	42 0
1470	55 0
1471	69 0
1472	101 0
1473	103 0
1474	103 0
1475	102 0
1476	97 0
1477	93 0
1478	87 0
1479	81 0
1480	68 0
1481	57 0
1482	67 0
1483	61 0
1484	80 0
1485	100 0
1486	120 0
1487	123 0
1488	121 0
1489	98 0
1490	65 0
1491	120 0
1492	154 0
1493	134 0
1494	107 0
1495	78 0
1496	72 0
1497	75 0
1498	76 0
1499	85 0
1500	59 0
1501	55 0
1502	86 0
1503	52 0
1504	40 0
1505	45 0
1506	41 0
1507	75 0
1508	140 0
1509	77 0
1510	53 0
1511	61 0
1512	43 0
1513	32 0
1514	81 0
1515	126 0
1516	110 0
1517	68 0
1518	49 0
1519	58 0
1520	55 0
1521	46 0
1522	59 0
1523	51 0
1524	37 0
1525	67 0
1526	54 0
1527	44 0
1528	77 0
1529	72 0
1530	43 0
1531	60 0
1532	66 0
1533	44 0
1534	47 0
1535	64 0
1536	64 0
1537	91 0
1538	92 0
1539	80 0
1540	83 0
1541	82 0
1542	84 0
1543	84 0
1544	82 0
1545	100 0
1546	105 0
1547	101 0
1548	95 0
1549	102 0
1550	97 0
1551	51 0
1552	43 0
1553	58 0
1554	99 0
1555	150 0
1556	108 0
1557	76 0
1558	63 0
1559	67 0
1560	67 0
1561	88 0
1562	95 0
1563	102 0
1564	96 0
1565	52 0
1566	66 0
1567	89 0
1568	63 0
1569	48 0
1570	71 0
1571	141 0
1572	87 0
1573	38 0
1574	37 0
1575	53 0
1576	52 0
1577	39 0
1578	51 0
1579	148 0
1580	135 0
1581	40 0
1582	36 0
1583	63 0
1584	57 0
1585	46 0
1586	46 0
1587	48 0
1588	38 0
1589	42 0
1590	39 0
1591	45 0
1592	58 0
1593	45 0
1594	49 0
1595	68 0
1596	90 0
1597	74 0
1598	49 0
1599	76 0
1600	42 0
1601	45 0
1602	58 0
1603	64 0
1604	63 0
1605	68 0
1606	76 0
1607	77 0
1608	86 0
1609	106 0
1610	102 0
1611	89 0
1612	82 0
1613	72 0
1614	53 0
1615	52 0
1616	68 0
1617	87 0
1618	77 0
1619	78 0
1620	66 0
1621	72 0
1622	86 0
1623	94 0
1624	75 0
1625	88 0
1626	119 0
1627	91 0
1628	88 0
1629	93 0
1630	69 0
1631	83 0
1632	94 0
1633	85 0
1634	86 0
1635	89 0
1636	51 0
1637	56 0
1638	56 0
1639	78 0
1640	71 0
1641	55 0
1642	41 0
1643	126 0
1644	120 0
1645	52 0
1646	46 0
1647	58 0
1648	60 0
1649	55 0
1650	51 0
1651	42 0
1652	45 0
1653	40 0
1654	49 0
1655	55 0
1656	62 0
1657	69 0
1658	63 0
1659	52 0
1660	37 0
1661	50 0
1662	98 0
1663	115 0
1664	57 0
1665	50 0
1666	37 0
1667	26 0
1668	25 0
1669	28 0
1670	35 0
1671	46 0
1672	58 0
1673	55 0
1674	55 0
1675	78 0
1676	81 0
1677	99 0
1678	96 0
1679	94 0
1680	125 0
1681	105 0
1682	89 0
1683	88 0
1684	96 0
1685	103 0
1686	84 0
1687	84 0
1688	85 0
1689	80 0
1690	81 0
1691	69 0
1692	90 0
1693	105 0
1694	78 0
1695	91 0
1696	86 0
1697	77 0
1698	75 0
1699	81 0
1700	85 0
1701	83 0
1702	84 0
1703	75 0
1704	53 0
1705	38 0
1706	37 0
1707	70 0
1708	95 0
1709	60 0
1710	50 0
1711	50 0
1712	49 0
1713	53 0
1714	70 0
1715	57 0
1716	61 0
1717	60 0
1718	47 0
1719	43 0
1720	18 0
1721	27 0
1722	53 0
1723	59 0
1724	40 0
1725	40 0
1726	74 0
1727	80 0
1728	37 0
1729	36 0
1730	33 0
1731	23 0
1732	17 0
1733	16 0
1734	21 0
1735	31 0
1736	35 0
1737	37 0
1738	39 0
1739	60 0
1740	58 0
1741	74 0
1742	82 0
1743	97 0
1744	102 0
1745	116 0
1746	130 0
1747	112 0
1748	114 0
1749	94 0
1750	73 0
1751	74 0
1752	102 0
1753	127 0
1754	78 0
1755	49 0
1756	86 0
1757	95 0
1758	80 0
1759	87 0
1760	64 0
1761	62 0
1762	89 0
1763	94 0
1764	107 0
1765	57 0
1766	55 0
1767	69 0
1768	71 0
1769	60 0
1770	66 0
1771	85 0
1772	73 0
1773	55 0
1774	72 0
1775	77 0
1776	43 0
1777	59 0
1778	76 0
1779	54 0
1780	51 0
1781	62 0
1782	51 0
1783	31 0
1784	27 0
1785	16 0
1786	28 0
1787	47 0
1788	73 0
1789	73 0
1790	59 0
1791	73 0
1792	29 0
1793	30 0
1794	32 0
1795	31 0
1796	35 0
1797	55 0
1798	72 0
1799	48 0
1800	28 0
1801	29 0
1802	26 0
1803	31 0
1804	51 0
1805	67 0
1806	57 0
1807	65 0
1808	70 0
1809	72 0
1810	85 0
1811	85 0
1812	79 0
1813	75 0
1814	86 0
1815	111 0
1816	117 0
1817	76 0
1818	70 0
1819	93 0
1820	109 0
1821	101 0
1822	73 0
1823	88 0
1824	74 0
1825	78 0
1826	79 0
1827	69 0
1828	80 0
1829	65 0
1830	67 0
1831	48 0
1832	56 0
1833	58 0
1834	51 0
1835	41 0
1836	77 0
1837	95 0
1838	69 0
1839	60 0
1840	62 0
1841	41 0
1842	49 0
1843	63 0
1844	30 0
1845	35 0
1846	65 0
1847	76 0
1848	95 0
1849	96 0
1850	71 0
1851	59 0
1852	87 0
1853	88 0
1854	94 0
1855	86 0
1856	47 0
1857	29 0
1858	46 0
1859	62 0
1860	64 0
1861	65 0
1862	76 0
1863	65 0
1864	40 0
1865	39 0
1866	38 0
1867	32 0
1868	40 0
1869	48 0
1870	38 0
1871	39 0
1872	52 0
1873	48 0
1874	44 0
1875	59 0
1876	64 0
1877	69 0
1878	94 0
1879	105 0
1880	78 0
1881	67 0
1882	100 0
1883	125 0
1884	131 0
1885	110 0
1886	89 0
1887	91 0
1888	79 0
1889	82 0
1890	72 0
1891	57 0
1892	73 0
1893	94 0
1894	85 0
1895	83 0
1896	86 0
1897	72 0
1898	61 0
1899	58 0
1900	42 0
1901	61 0
1902	53 0
1903	45 0
1904	52 0
1905	49 0
1906	57 0
1907	76 0
1908	91 0
1909	94 0
1910	121 0
1911	106 0
1912	102 0
1913	96 0
1914	77 0
1915	66 0
1916	78 0
1917	105 0
1918	117 0
1919	98 0
1920	70 0
1921	72 0
1922	77 0
1923	72 0
1924	73 0
1925	63 0
1926	52 0
1927	58 0
1928	59 0
1929	64 0
1930	47 0
1931	38 0
1932	36 0
1933	35 0
1934	49 0
1935	45 0
1936	43 0
1937	51 0
1938	34 0
1939	44 0
1940	59 0
1941	57 0
1942	64 0
1943	75 0
1944	115 0
1945	122 0
1946	120 0
1947	93 0
1948	60 0
1949	40 0
1950	41 0
1951	41 0
1952	52 0
1953	55 0
1954	64 0
1955	77 0
1956	96 0
1957	110 0
1958	93 0
1959	78 0
1960	76 0
1961	62 0
1962	61 0
1963	60 0
1964	63 0
1965	65 0
1966	43 0
1967	44 0
1968	39 0
1969	76 0
1970	111 0
1971	116 0
1972	100 0
1973	112 0
1974	145 0
1975	128 0
1976	59 0
1977	73 0
1978	83 0
1979	114 0
1980	129 0
1981	128 0
1982	82 0
1983	48 0
1984	32 0
1985	65 0
1986	93 0
1987	88 0
1988	78 0
1989	58 0
1990	53 0
1991	49 0
1992	53 0
1993	58 0
1994	60 0
1995	51 0
1996	44 0
1997	46 0
1998	49 0
1999	43 0
2000	23 0
2001	32 0
2002	26 0
2003	15 0
2004	20 0
2005	43 0
2006	61 0
2007	81 0
2008	71 0
2009	47 0
2010	41 0
2011	38 0
2012	56 0
2013	47 0
2014	28 0
2015	31 0
2016	30 0
2017	33 0
2018	45 0
2019	48 0
2020	60 0
2021	108 0
2022	46 0
2023	17 0
2024	47 0
2025	48 0
2026	55 0
2027	67 0
2028	49 0
2029	30 0
2030	72 0
2031	96 0
2032	109 0
2033	136 0
2034	113 0
2035	89 0
2036	113 0
2037	137 0
2038	113 0
2039	97 0
2040	80 0
2041	48 0
2042	84 0
2043	97 0
2044	102 0
2045	109 0
2046	57 0
2047	40 0
2048	36 0
2049	23 0
2050	50 0
2051	69 0
2052	58 0
2053	61 0
2054	58 0
2055	52 0
2056	49 0
2057	52 0
2058	57 0
2059	48 0
2060	28 0
2061	30 0
2062	44 0
2063	22 0
2064	13 0
2065	18 0
2066	16 0
2067	9 0
2068	45 0
2069	87 0
2070	80 0
2071	50 0
2072	40 0
2073	31 0
2074	29 0
2075	39 0
2076	63 0
2077	60 0
2078	59 0
2079	38 0
2080	31 0
2081	38 0
2082	36 0
2083	35 0
2084	39 0
2085	82 0
2086	51 0
2087	41 0
2088	49 0
2089	54 0
2090	93 0
2091	70 0
2092	69 0
2093	59 0
2094	86 0
2095	121 0
2096	126 0
2097	112 0
2098	101 0
2099	112 0
2100	132 0
2101	102 0
2102	89 0
2103	84 0
2104	86 0
2105	66 0
2106	81 0
2107	89 0
2108	103 0
2109	85 0
2110	65 0
2111	82 0
2112	29 0
2113	40 0
2114	49 0
2115	57 0
2116	56 0
2117	47 0
2118	47 0
2119	60 0
2120	52 0
2121	53 0
2122	76 0
2123	61 0
2124	17 0
2125	29 0
2126	43 0
2127	27 0
2128	27 0
2129	22 0
2130	46 0
2131	80 0
2132	86 0
2133	78 0
2134	61 0
2135	40 0
2136	38 0
2137	43 0
2138	31 0
2139	37 0
2140	41 0
2141	46 0
2142	57 0
2143	77 0
2144	55 0
2145	36 0
2146	37 0
2147	36 0
2148	36 0
2149	40 0
2150	38 0
2151	59 0
2152	46 0
2153	36 0
2154	64 0
2155	85 0
2156	87 0
2157	95 0
2158	75 0
2159	110 0
2160	115 0
2161	92 0
2162	92 0
2163	98 0
2164	84 0
2165	92 0
2166	118 0
2167	129 0
2168	136 0
2169	154 0
2170	141 0
2171	136 0
2172	114 0
2173	64 0
2174	83 0
2175	72 0
2176	63 0
2177	71 0
2178	65 0
2179	60 0
2180	53 0
2181	52 0
2182	53 0
2183	50 0
2184	52 0
2185	47 0
2186	44 0
2187	49 0
2188	55 0
2189	53 0
2190	34 0
2191	36 0
2192	52 0
2193	71 0
2194	95 0
2195	63 0
2196	47 0
2197	46 0
2198	47 0
2199	57 0
2200	54 0
2201	27 0
2202	48 0
2203	65 0
2204	62 0
2205	42 0
2206	29 0
2207	59 0
2208	102 0
2209	61 0
2210	40 0
2211	37 0
2212	40 0
2213	44 0
2214	39 0
2215	31 0
2216	22 0
2217	21 0
2218	46 0
2219	43 0
2220	23 0
2221	17 0
2222	20 0
2223	47 0
2224	63 0
2225	102 0
2226	122 0
2227	111 0
2228	86 0
2229	142 0
2230	163 0
2231	146 0
2232	149 0
2233	140 0
2234	122 0
2235	110 0
2236	127 0
2237	148 0
2238	97 0
2239	58 0
2240	76 0
2241	70 0
2242	66 0
2243	55 0
2244	56 0
2245	56 0
2246	51 0
2247	36 0
2248	46 0
2249	30 0
2250	10 0
2251	10 0
2252	37 0
2253	29 0
2254	60 0
2255	98 0
2256	96 0
2257	86 0
2258	70 0
2259	53 0
2260	49 0
2261	44 0
2262	44 0
2263	60 0
2264	45 0
2265	50 0
2266	68 0
2267	56 0
2268	55 0
2269	53 0
2270	62 0
2271	57 0
2272	53 0
2273	42 0
2274	42 0
2275	46 0
2276	39 0
2277	47 0
2278	50 0
2279	35 0
2280	37 0
2281	41 0
2282	64 0
2283	22 0
2284	23 0
2285	34 0
2286	41 0
2287	43 0
2288	84 0
2289	130 0
2290	115 0
2291	100 0
2292	85 0
2293	98 0
2294	91 0
2295	113 0
2296	133 0
2297	109 0
2298	86 0
2299	97 0
2300	110 0
2301	96 0
2302	83 0
2303	88 0
2304	60 0
2305	60 0
2306	56 0
2307	51 0
2308	46 0
2309	26 0
2310	19 0
2311	20 0
2312	28 0
2313	22 0
2314	15 0
2315	36 0
2316	76 0
2317	104 0
2318	119 0
2319	106 0
2320	81 0
2321	62 0
2322	55 0
2323	54 0
2324	53 0
2325	52 0
2326	48 0
2327	48 0
2328	58 0
2329	63 0
2330	45 0
2331	33 0
2332	41 0
2333	46 0
2334	40 0
2335	37 0
2336	16 0
2337	26 0
2338	29 0
2339	40 0
2340	42 0
2341	57 0
2342	43 0
2343	19 0
2344	67 0
2345	35 0
2346	31 0
2347	27 0
2348	47 0
2349	60 0
2350	101 0
2351	114 0
2352	118 0
2353	86 0
2354	70 0
2355	68 0
2356	74 0
2357	67 0
2358	63 0
2359	60 0
2360	104 0
2361	118 0
2362	112 0
2363	101 0
2364	74 0
2365	71 0
2366	91 0
2367	107 0
2368	45 0
2369	44 0
2370	50 0
2371	60 0
2372	41 0
2373	38 0
2374	48 0
2375	49 0
2376	36 0
2377	53 0
2378	96 0
2379	123 0
2380	127 0
2381	108 0
2382	76 0
2383	51 0
2384	46 0
2385	46 0
2386	47 0
2387	49 0
2388	49 0
2389	54 0
2390	66 0
2391	53 0
2392	46 0
2393	60 0
2394	66 0
2395	53 0
2396	24 0
2397	8 0
2398	10 0
2399	13 0
2400	11 0
2401	55 0
2402	58 0
2403	67 0
2404	86 0
2405	39 0
2406	15 0
2407	41 0
2408	52 0
2409	24 0
2410	33 0
2411	62 0
2412	62 0
2413	61 0
2414	58 0
2415	60 0
2416	82 0
2417	86 0
2418	60 0
2419	62 0
2420	73 0
2421	70 0
2422	66 0
2423	63 0
2424	57 0
2425	98 0
2426	97 0
2427	68 0
2428	71 0
2429	79 0
2430	105 0
2431	102 0
2432	35 0
2433	35 0
2434	47 0
2435	44 0
2436	47 0
2437	42 0
2438	33 0
2439	54 0
2440	74 0
2441	128 0
2442	134 0
2443	114 0
2444	91 0
2445	76 0
2446	47 0
2447	36 0
2448	39 0
2449	42 0
2450	43 0
2451	45 0
2452	52 0
2453	59 0
2454	45 0
2455	35 0
2456	32 0
2457	64 0
2458	59 0
2459	63 0
2460	68 0
2461	47 0
2462	32 0
2463	12 0
2464	20 0
2465	52 0
2466	60 0
2467	48 0
2468	77 0
2469	23 0
2470	13 0
2471	32 0
2472	19 0
2473	32 0
2474	58 0
2475	57 0
2476	46 0
2477	34 0
2478	38 0
2479	31 0
2480	31 0
2481	83 0
2482	100 0
2483	70 0
2484	66 0
2485	73 0
2486	71 0
2487	68 0
2488	60 0
2489	56 0
2490	66 0
2491	69 0
2492	60 0
2493	94 0
2494	94 0
2495	77 0
2496	53 0
2497	45 0
2498	52 0
2499	56 0
2500	30 0
2501	33 0
2502	90 0
2503	129 0
2504	128 0
2505	118 0
2506	109 0
2507	105 0
2508	83 0
2509	50 0
2510	41 0
2511	44 0
2512	43 0
2513	40 0
2514	51 0
2515	57 0
2516	43 0
2517	35 0
2518	34 0
2519	31 0
2520	33 0
2521	73 0
2522	48 0
2523	41 0
2524	56 0
2525	60 0
2526	60 0
2527	56 0
2528	38 0
2529	50 0
2530	37 0
2531	17 0
2532	49 0
2533	36 0
2534	17 0
2535	16 0
2536	40 0
2537	41 0
2538	28 0
2539	29 0
2540	22 0
2541	34 0
2542	44 0
2543	25 0
2544	30 0
2545	73 0
2546	92 0
2547	92 0
2548	76 0
2549	62 0
2550	67 0
2551	59 0
2552	61 0
2553	59 0
2554	57 0
2555	66 0
2556	67 0
2557	100 0
2558	66 0
2559	69 0
2560	34 0
2561	63 0
2562	74 0
2563	54 0
2564	86 0
2565	141 0
2566	136 0
2567	113 0
2568	108 0
2569	114 0
2570	124 0
2571	100 0
2572	59 0
2573	37 0
2574	38 0
2575	37 0
2576	41 0
2577	50 0
2578	54 0
2579	41 0
2580	33 0
2581	32 0
2582	30 0
2583	21 0
2584	59 0
2585	57 0
2586	37 0
2587	36 0
2588	40 0
2589	47 0
2590	30 0
2591	33 0
2592	46 0
2593	74 0
2594	54 0
2595	34 0
2596	39 0
2597	33 0
2598	17 0
2599	13 0
2600	31 0
2601	26 0
2602	38 0
2603	52 0
2604	36 0
2605	27 0
2606	22 0
2607	23 0
2608	36 0
2609	61 0
2610	60 0
2611	56 0
2612	81 0
2613	67 0
2614	51 0
2615	62 0
2616	58 0
2617	61 0
2618	88 0
2619	60 0
2620	113 0
2621	117 0
2622	80 0
2623	69 0
2624	58 0
2625	80 0
2626	84 0
2627	139 0
2628	170 0
2629	130 0
2630	101 0
2631	109 0
2632	104 0
2633	120 0
2634	107 0
2635	58 0
2636	39 0
2637	40 0
2638	38 0
2639	42 0
2640	53 0
2641	41 0
2642	34 0
2643	33 0
2644	33 0
2645	29 0
2646	26 0
2647	44 0
2648	74 0
2649	42 0
2650	37 0
2651	38 0
2652	49 0
2653	52 0
2654	47 0
2655	32 0
2656	50 0
2657	29 0
2658	33 0
2659	12 0
2660	6 0
2661	8 0
2662	20 0
2663	51 0
2664	78 0
2665	99 0
2666	119 0
2667	120 0
2668	103 0
2669	75 0
2670	54 0
2671	41 0
2672	26 0
2673	24 0
2674	47 0
2675	88 0
2676	123 0
2677	108 0
2678	80 0
2679	89 0
2680	105 0
2681	113 0
2682	100 0
2683	99 0
2684	148 0
2685	108 0
2686	81 0
2687	73 0
2688	105 0
2689	100 0
2690	150 0
2691	147 0
2692	122 0
2693	107 0
2694	116 0
2695	110 0
2696	118 0
2697	100 0
2698	73 0
2699	53 0
2700	39 0
2701	39 0
2702	50 0
2703	53 0
2704	35 0
2705	35 0
2706	34 0
2707	32 0
2708	31 0
2709	29 0
2710	30 0
2711	74 0
2712	68 0
2713	45 0
2714	41 0
2715	50 0
2716	58 0
2717	34 0
2718	46 0
2719	67 0
2720	20 0
2721	14 0
2722	16 0
2723	5 0
2724	21 0
2725	56 0
2726	94 0
2727	110 0
2728	129 0
2729	139 0
2730	133 0
2731	131 0
2732	140 0
2733	145 0
2734	133 0
2735	116 0
2736	106 0
2737	125 0
2738	131 0
2739	138 0
2740	133 0
2741	131 0
2742	134 0
2743	145 0
2744	144 0
2745	139 0
2746	143 0
2747	146 0
2748	86 0
2749	86 0
2750	80 0
2751	59 0
2752	134 0
2753	143 0
2754	125 0
2755	112 0
2756	120 0
2757	119 0
2758	113 0
2759	111 0
2760	87 0
2761	62 0
2762	64 0
2763	49 0
2764	39 0
2765	60 0
2766	57 0
2767	38 0
2768	37 0
2769	38 0
2770	33 0
2771	31 0
2772	26 0
2773	24 0
2774	57 0
2775	78 0
2776	42 0
2777	42 0
2778	59 0
2779	60 0
2780	43 0
2781	57 0
2782	42 0
2783	33 0
2784	0 0
2785	5 0
2786	19 0
2787	44 0
2788	87 0
2789	109 0
2790	112 0
2791	134 0
2792	134 0
2793	125 0
2794	136 0
2795	138 0
2796	128 0
2797	114 0
2798	122 0
2799	141 0
2800	150 0
2801	139 0
2802	130 0
2803	127 0
2804	121 0
2805	126 0
2806	132 0
2807	123 0
2808	121 0
2809	131 0
2810	136 0
2811	87 0
2812	35 0
2813	90 0
2814	74 0
2815	41 0
2816	132 0
2817	127 0
2818	122 0
2819	133 0
2820	126 0
2821	106 0
2822	98 0
2823	47 0
2824	31 0
2825	49 0
2826	39 0
2827	39 0
2828	63 0
2829	55 0
2830	39 0
2831	45 0
2832	36 0
2833	35 0
2834	32 0
2835	29 0
2836	27 0
2837	43 0
2838	75 0
2839	49 0
2840	48 0
2841	37 0
2842	33 0
2843	31 0
2844	39 0
2845	64 0
2846	26 0
2847	0 0
2848	17 0
2849	40 0
2850	60 0
2851	93 0
2852	110 0
2853	116 0
2854	136 0
2855	134 0
2856	134 0
2857	143 0
2858	135 0
2859	114 0
2860	115 0
2861	129 0
2862	132 0
2863	114 0
2864	95 0
2865	99 0
2866	118 0
2867	113 0
2868	100 0
2869	95 0
2870	98 0
2871	95 0
2872	100 0
2873	111 0
2874	74 0
2875	25 0
2876	44 0
2877	39 0
2878	55 0
2879	83 0
2880	123 0
2881	114 0
2882	111 0
2883	116 0
2884	103 0
2885	68 0
2886	50 0
2887	43 0
2888	28 0
2889	47 0
2890	58 0
2891	55 0
2892	44 0
2893	41 0
2894	45 0
2895	45 0
2896	40 0
2897	33 0
2898	30 0
2899	31 0
2900	27 0
2901	63 0
2902	61 0
2903	37 0
2904	33 0
2905	30 0
2906	43 0
2907	41 0
2908	21 0
2909	21 0
2910	9 0
2911	28 0
2912	49 0
2913	65 0
2914	95 0
2915	107 0
2916	123 0
2917	140 0
2918	140 0
2919	143 0
2920	135 0
2921	101 0
2922	99 0
2923	117 0
2924	119 0
2925	103 0
2926	94 0
2927	97 0
2928	87 0
2929	98 0
2930	98 0
2931	102 0
2932	97 0
2933	90 0
2934	79 0
2935	67 0
2936	59 0
2937	59 0
2938	67 0
2939	77 0
2940	97 0
2941	68 0
2942	75 0
2943	102 0
2944	115 0
2945	110 0
2946	111 0
2947	89 0
2948	54 0
2949	28 0
2950	39 0
2951	45 0
2952	28 0
2953	67 0
2954	48 0
2955	33 0
2956	37 0
2957	41 0
2958	40 0
2959	44 0
2960	38 0
2961	35 0
2962	32 0
2963	31 0
2964	37 0
2965	69 0
2966	33 0
2967	23 0
2968	27 0
2969	50 0
2970	43 0
2971	23 0
2972	16 0
2973	13 0
2974	22 0
2975	45 0
2976	74 0
2977	112 0
2978	125 0
2979	140 0
2980	156 0
2981	148 0
2982	141 0
2983	116 0
2984	106 0
2985	107 0
2986	105 0
2987	86 0
2988	94 0
2989	95 0
2990	103 0
2991	104 0
2992	96 0
2993	90 0
2994	74 0
2995	60 0
2996	45 0
2997	24 0
2998	28 0
2999	26 0
3000	33 0
3001	36 0
3002	43 0
3003	53 0
3004	59 0
3005	59 0
3006	83 0
3007	44 0
3008	102 0
3009	98 0
3010	74 0
3011	50 0
3012	52 0
3013	52 0
3014	37 0
3015	22 0
3016	49 0
3017	63 0
3018	34 0
3019	37 0
3020	37 0
3021	35 0
3022	37 0
3023	39 0
3024	34 0
3025	35 0
3026	32 0
3027	29 0
3028	49 0
3029	34 0
3030	27 0
3031	36 0
3032	15 0
3033	6 0
3034	5 0
3035	5 0
3036	16 0
3037	46 0
3038	66 0
3039	102 0
3040	131 0
3041	145 0
3042	153 0
3043	148 0
3044	134 0
3045	114 0
3046	104 0
3047	93 0
3048	99 0
3049	87 0
3050	98 0
3051	102 0
3052	96 0
3053	86 0
3054	60 0
3055	43 0
3056	34 0
3057	41 0
3058	59 0
3059	81 0
3060	91 0
3061	99 0
3062	101 0
3063	103 0
3064	99 0
3065	99 0
3066	85 0
3067	69 0
3068	51 0
3069	39 0
3070	48 0
3071	22 0
3072	69 0
3073	44 0
3074	44 0
3075	58 0
3076	50 0
3077	45 0
3078	38 0
3079	25 0
3080	62 0
3081	39 0
3082	37 0
3083	37 0
3084	32 0
3085	27 0
3086	31 0
3087	33 0
3088	33 0
3089	27 0
3090	23 0
3091	15 0
3092	55 0
3093	56 0
3094	51 0
3095	41 0
3096	21 0
3097	28 0
3098	39 0
3099	52 0
3100	81 0
3101	106 0
3102	133 0
3103	147 0
3104	148 0
3105	148 0
3106	119 0
3107	109 0
3108	91 0
3109	85 0
3110	82 0
3111	87 0
3112	85 0
3113	78 0
3114	63 0
3115	61 0
3116	47 0
3117	54 0
3118	70 0
3119	97 0
3120	108 0
3121	119 0
3122	120 0
3123	121 0
3124	115 0
3125	107 0
3126	113 0
3127	112 0
3128	111 0
3129	119 0
3130	133 0
3131	131 0
3132	120 0
3133	103 0
3134	80 0
3135	57 0
3136	44 0
3137	36 0
3138	39 0
3139	39 0
3140	34 0
3141	38 0
3142	28 0
3143	51 0
3144	45 0
3145	28 0
3146	34 0
3147	26 0
3148	30 0
3149	24 0
3150	32 0
3151	29 0
3152	22 0
3153	24 0
3154	31 0
3155	46 0
3156	49 0
3157	39 0
3158	36 0
3159	42 0
3160	58 0
3161	81 0
3162	103 0
3163	128 0
3164	144 0
3165	148 0
3166	134 0
3167	133 0
3168	114 0
3169	116 0
3170	94 0
3171	84 0
3172	93 0
3173	93 0
3174	96 0
3175	72 0
3176	42 0
3177	51 0
3178	55 0
3179	67 0
3180	104 0
3181	124 0
3182	136 0
3183	121 0
3184	99 0
3185	89 0
3186	75 0
3187	72 0
3188	90 0
3189	99 0
3190	115 0
3191	119 0
3192	106 0
3193	110 0
3194	94 0
3195	100 0
3196	107 0
3197	103 0
3198	113 0
3199	109 0
3200	31 0
3201	38 0
3202	35 0
3203	38 0
3204	38 0
3205	36 0
3206	33 0
3207	77 0
3208	32 0
3209	24 0
3210	25 0
3211	27 0
3212	29 0
3213	30 0
3214	22 0
3215	20 0
3216	41 0
3217	47 0
3218	38 0
3219	31 0
3220	27 0
3221	39 0
3222	68 0
3223	91 0
3224	117 0
3225	130 0
3226	148 0
3227	140 0
3228	120 0
3229	136 0
3230	95 0
3231	91 0
3232	97 0
3233	96 0
3234	86 0
3235	81 0
3236	81 0
3237	70 0
3238	67 0
3239	80 0
3240	100 0
3241	117 0
3242	136 0
3243	128 0
3244	114 0
3245	92 0
3246	105 0
3247	104 0
3248	109 0
3249	110 0
3250	107 0
3251	124 0
3252	129 0
3253	121 0
3254	110 0
3255	111 0
3256	113 0
3257	100 0
3258	106 0
3259	106 0
3260	111 0
3261	110 0
3262	105 0
3263	99 0
3264	38 0
3265	44 0
3266	41 0
3267	39 0
3268	37 0
3269	24 0
3270	52 0
3271	43 0
3272	22 0
3273	22 0
3274	27 0
3275	36 0
3276	21 0
3277	25 0
3278	41 0
3279	65 0
3280	67 0
3281	42 0
3282	38 0
3283	46 0
3284	71 0
3285	100 0
3286	126 0
3287	133 0
3288	141 0
3289	93 0
3290	124 0
3291	108 0
3292	97 0
3293	106 0
3294	94 0
3295	86 0
3296	92 0
3297	71 0
3298	55 0
3299	67 0
3300	70 0
3301	96 0
3302	126 0
3303	138 0
3304	144 0
3305	123 0
3306	106 0
3307	115 0
3308	129 0
3309	123 0
3310	121 0
3311	124 0
3312	136 0
3313	120 0
3314	105 0
3315	107 0
3316	108 0
3317	126 0
3318	106 0
3319	111 0
3320	139 0
3321	129 0
3322	117 0
3323	138 0
3324	131 0
3325	128 0
3326	126 0
3327	111 0
3328	49 0
3329	53 0
3330	48 0
3331	40 0
3332	35 0
3333	31 0
3334	49 0
3335	31 0
3336	25 0
3337	21 0
3338	29 0
3339	28 0
3340	25 0
3341	54 0
3342	54 0
3343	44 0
3344	39 0
3345	49 0
3346	69 0
3347	108 0
3348	121 0
3349	135 0
3350	118 0
3351	122 0
3352	124 0
3353	96 0
3354	102 0
3355	106 0
3356	78 0
3357	72 0
3358	73 0
3359	56 0
3360	63 0
3361	78 0
3362	89 0
3363	127 0
3364	139 0
3365	137 0
3366	122 0
3367	130 0
3368	121 0
3369	120 0
3370	131 0
3371	135 0
3372	125 0
3373	125 0
3374	116 0
3375	111 0
3376	103 0
3377	107 0
3378	93 0
3379	97 0
3380	111 0
3381	120 0
3382	125 0
3383	113 0
3384	128 0
3385	132 0
3386	123 0
3387	121 0
3388	119 0
3389	120 0
3390	118 0
3391	121 0
3392	40 0
3393	35 0
3394	33 0
3395	32 0
3396	36 0
3397	38 0
3398	36 0
3399	18 0
3400	27 0
3401	27 0
3402	21 0
3403	41 0
3404	68 0
3405	49 0
3406	49 0
3407	36 0
3408	70 0
3409	103 0
3410	115 0
3411	126 0
3412	116 0
3413	149 0
3414	117 0
3415	116 0
3416	115 0
3417	69 0
3418	58 0
3419	54 0
3420	30 0
3421	34 0
3422	63 0
3423	75 0
3424	98 0
3425	124 0
3426	126 0
3427	120 0
3428	113 0
3429	116 0
3430	128 0
3431	135 0
3432	115 0
3433	99 0
3434	103 0
3435	117 0
3436	130 0
3437	111 0
3438	106 0
3439	130 0
3440	124 0
3441	120 0
3442	139 0
3443	124 0
3444	113 0
3445	133 0
3446	132 0
3447	128 0
3448	137 0
3449	139 0
3450	121 0
3451	119 0
3452	127 0
3453	129 0
3454	98 0
3455	96 0
3456	29 0
3457	26 0
3458	26 0
3459	29 0
3460	31 0
3461	31 0
3462	63 0
3463	25 0
3464	10 0
3465	18 0
3466	40 0
3467	59 0
3468	31 0
3469	49 0
3470	80 0
3471	65 0
3472	118 0
3473	118 0
3474	133 0
3475	127 0
3476	97 0
3477	116 0
3478	85 0
3479	47 0
3480	53 0
3481	65 0
3482	62 0
3483	75 0
3484	100 0
3485	115 0
3486	122 0
3487	124 0
3488	117 0
3489	117 0
3490	112 0
3491	111 0
3492	129 0
3493	120 0
3494	115 0
3495	128 0
3496	127 0
3497	89 0
3498	85 0
3499	93 0
3500	110 0
3501	121 0
3502	119 0
3503	129 0
3504	132 0
3505	131 0
3506	128 0
3507	137 0
3508	142 0
3509	127 0
3510	118 0
3511	123 0
3512	133 0
3513	133 0
3514	114 0
3515	110 0
3516	123 0
3517	127 0
3518	112 0
3519	131 0
3520	38 0
3521	35 0
3522	32 0
3523	40 0
3524	35 0
3525	26 0
3526	42 0
3527	72 0
3528	46 0
3529	54 0
3530	73 0
3531	48 0
3532	60 0
3533	81 0
3534	122 0
3535	133 0
3536	113 0
3537	97 0
3538	122 0
3539	86 0
3540	43 0
3541	44 0
3542	49 0
3543	69 0
3544	97 0
3545	114 0
3546	126 0
3547	126 0
3548	122 0
3549	113 0
3550	102 0
3551	121 0
3552	132 0
3553	117 0
3554	126 0
3555	118 0
3556	114 0
3557	115 0
3558	111 0
3559	109 0
3560	134 0
3561	113 0
3562	107 0
3563	92 0
3564	96 0
3565	116 0
3566	131 0
3567	135 0
3568	113 0
3569	118 0
3570	130 0
3571	132 0
3572	103 0
3573	118 0
3574	119 0
3575	119 0
3576	105 0
3577	102 0
3578	110 0
3579	78 0
3580	100 0
3581	125 0
3582	117 0
3583	124 0
3584	54 0
3585	44 0
3586	41 0
3587	32 0
3588	17 0
3589	25 0
3590	32 0
3591	39 0
3592	53 0
3593	76 0
3594	94 0
3595	103 0
3596	99 0
3597	105 0
3598	114 0
3599	82 0
3600	83 0
3601	84 0
3602	68 0
3603	74 0
3604	80 0
3605	100 0
3606	121 0
3607	128 0
3608	128 0
3609	117 0
3610	120 0
3611	113 0
3612	111 0
3613	106 0
3614	114 0
3615	129 0
3616	118 0
3617	118 0
3618	122 0
3619	128 0
3620	111 0
3621	125 0
3622	129 0
3623	136 0
3624	139 0
3625	114 0
3626	107 0
3627	113 0
3628	119 0
3629	117 0
3630	97 0
3631	119 0
3632	149 0
3633	110 0
3634	107 0
3635	118 0
3636	99 0
3637	117 0
3638	122 0
3639	110 0
3640	99 0
3641	83 0
3642	90 0
3643	120 0
3644	127 0
3645	129 0
3646	134 0
3647	133 0
3648	30 0
3649	17 0
3650	18 0
3651	31 0
3652	48 0
3653	57 0
3654	78 0
3655	90 0
3656	112 0
3657	118 0
3658	116 0
3659	113 0
3660	105 0
3661	97 0
3662	80 0
3663	55 0
3664	57 0
3665	30 0
3666	45 0
3667	126 0
3668	132 0
3669	129 0
3670	116 0
3671	120 0
3672	107 0
3673	119 0
3674	138 0
3675	140 0
3676	122 0
3677	134 0
3678	123 0
3679	107 0
3680	126 0
3681	126 0
3682	121 0
3683	130 0
3684	126 0
3685	128 0
3686	119 0
3687	107 0
3688	132 0
3689	140 0
3690	124 0
3691	119 0
3692	113 0
3693	101 0
3694	105 0
3695	109 0
3696	131 0
3697	124 0
3698	105 0
3699	112 0
3700	100 0
3701	106 0
3702	124 0
3703	105 0
3704	108 0
3705	114 0
3706	110 0
3707	124 0
3708	113 0
3709	132 0
3710	118 0
3711	109 0
3712	31 0
3713	55 0
3714	81 0
3715	102 0
3716	105 0
3717	115 0
3718	101 0
3719	118 0
3720	143 0
3721	99 0
3722	86 0
3723	89 0
3724	92 0
3725	101 0
3726	68 0
3727	20 0
3728	25 0
3729	5 0
3730	31 0
3731	110 0
3732	113 0
3733	98 0
3734	99 0
3735	113 0
3736	126 0
3737	139 0
3738	144 0
3739	132 0
3740	127 0
3741	134 0
3742	119 0
3743	114 0
3744	127 0
3745	110 0
3746	116 0
3747	135 0
3748	113 0
3749	98 0
3750	110 0
3751	115 0
3752	99 0
3753	114 0
3754	131 0
3755	120 0
3756	111 0
3757	117 0
3758	123 0
3759	103 0
3760	105 0
3761	113 0
3762	115 0
3763	109 0
3764	116 0
3765	96 0
3766	106 0
3767	122 0
3768	114 0
3769	112 0
3770	144 0
3771	106 0
3772	98 0
3773	100 0
3774	134 0
3775	133 0
3776	96 0
3777	108 0
3778	113 0
3779	109 0
3780	94 0
3781	86 0
3782	72 0
3783	76 0
3784	63 0
3785	63 0
3786	73 0
3787	68 0
3788	128 0
3789	143 0
3790	59 0
3791	2 0
3792	16 0
3793	40 0
3794	12 0
3795	23 0
3796	20 0
3797	30 0
3798	36 0
3799	70 0
3800	109 0
3801	122 0
3802	113 0
3803	114 0
3804	104 0
3805	132 0
3806	134 0
3807	110 0
3808	108 0
3809	119 0
3810	109 0
3811	124 0
3812	108 0
3813	105 0
3814	130 0
3815	121 0
3816	106 0
3817	88 0
3818	117 0
3819	126 0
3820	116 0
3821	125 0
3822	123 0
3823	115 0
3824	105 0
3825	101 0
3826	106 0
3827	110 0
3828	116 0
3829	106 0
3830	120 0
3831	114 0
3832	137 0
3833	131 0
3834	121 0
3835	123 0
3836	118 0
3837	87 0
3838	89 0
3839	106 0
3840	101 0
3841	54 0
3842	51 0
3843	50 0
3844	58 0
3845	85 0
3846	84 0
3847	83 0
3848	48 0
3849	32 0
3850	0 0
3851	7 0
3852	74 0
3853	118 0
3854	58 0
3855	15 0
3856	29 0
3857	50 0
3858	52 0
3859	61 0
3860	91 0
3861	100 0
3862	97 0
3863	126 0
3864	111 0
3865	93 0
3866	131 0
3867	113 0
3868	137 0
3869	144 0
3870	130 0
3871	123 0
3872	107 0
3873	122 0
3874	105 0
3875	116 0
3876	101 0
3877	96 0
3878	109 0
3879	99 0
3880	103 0
3881	104 0
3882	97 0
3883	107 0
3884	132 0
3885	119 0
3886	108 0
3887	124 0
3888	132 0
3889	123 0
3890	110 0
3891	124 0
3892	118 0
3893	119 0
3894	119 0
3895	91 0
3896	103 0
3897	138 0
3898	143 0
3899	135 0
3900	107 0
3901	121 0
3902	126 0
3903	116 0
3904	122 0
3905	72 0
3906	85 0
3907	98 0
3908	123 0
3909	128 0
3910	78 0
3911	45 0
3912	8 0
3913	25 0
3914	36 0
3915	9 0
3916	33 0
3917	32 0
3918	53 0
3919	58 0
3920	95 0
3921	121 0
3922	118 0
3923	118 0
3924	122 0
3925	107 0
3926	115 0
3927	135 0
3928	134 0
3929	92 0
3930	126 0
3931	121 0
3932	124 0
3933	140 0
3934	117 0
3935	117 0
3936	118 0
3937	107 0
3938	118 0
3939	129 0
3940	120 0
3941	128 0
3942	118 0
3943	113 0
3944	109 0
3945	84 0
3946	108 0
3947	105 0
3948	123 0
3949	133 0
3950	108 0
3951	89 0
3952	112 0
3953	139 0
3954	107 0
3955	113 0
3956	130 0
3957	121 0
3958	128 0
3959	111 0
3960	105 0
3961	102 0
3962	125 0
3963	126 0
3964	104 0
3965	106 0
3966	126 0
3967	131 0
3968	120 0
3969	115 0
3970	127 0
3971	132 0
3972	141 0
3973	72 0
3974	41 0
3975	39 0
3976	7 0
3977	15 0
3978	27 0
3979	35 0
3980	45 0
3981	77 0
3982	82 0
3983	92 0
3984	120 0
3985	127 0
3986	113 0
3987	104 0
3988	133 0
3989	112 0
3990	128 0
3991	134 0
3992	140 0
3993	134 0
3994	97 0
3995	124 0
3996	119 0
3997	93 0
3998	137 0
3999	134 0
4000	111 0
4001	132 0
4002	127 0
4003	112 0
4004	113 0
4005	123 0
4006	106 0
4007	100 0
4008	103 0
4009	109 0
4010	110 0
4011	108 0
4012	98 0
4013	103 0
4014	132 0
4015	111 0
4016	98 0
4017	96 0
4018	114 0
4019	111 0
4020	108 0
4021	107 0
4022	110 0
4023	117 0
4024	117 0
4025	108 0
4026	101 0
4027	109 0
4028	134 0
4029	110 0
4030	112 0
4031	116 0
4032	120 0
4033	114 0
4034	118 0
4035	121 0
4036	128 0
4037	100 0
4038	56 0
4039	28 0
4040	43 0
4041	79 0
4042	101 0
4043	112 0
4044	120 0
4045	137 0
4046	113 0
4047	128 0
4048	140 0
4049	113 0
4050	122 0
4051	120 0
4052	139 0
4053	119 0
4054	113 0
4055	151 0
4056	131 0
4057	128 0
4058	114 0
4059	135 0
4060	140 0
4061	106 0
4062	121 0
4063	144 0
4064	106 0
4065	124 0
4066	147 0
4067	118 0
4068	102 0
4069	122 0
4070	104 0
4071	95 0
4072	102 0
4073	107 0
4074	100 0
4075	104 0
4076	72 0
4077	77 0
4078	119 0
4079	109 0
4080	116 0
4081	102 0
4082	97 0
4083	132 0
4084	91 0
4085	93 0
4086	109 0
4087	118 0
4088	119 0
4089	121 0
4090	103 0
4091	93 0
4092	86 0
4093	107 0
4094	119 0
4095	116 0
