4096
0	187	-1.065814104e-11
1	188	4.712852331e-11
2	173	4.182254543e-11
3	149	-1.421085472e-14
4	120	-5.75539616e-13
5	111	-1.185895826e-11
6	116	-1.012612216e-10
7	116	-3.322497832e-11
8	121	-3.575095775e-11
9	139	8.927969475e-12
10	157	-1.535482852e-11
11	135	-1.735678268e-11
12	106	6.40731912e-12
13	108	4.757083616e-12
14	112	1.740474431e-11
15	110	-3.467981458e-11
16	110	-5.641886958e-11
17	115	-4.714451052e-12
18	122	-4.015277e-11
19	124	1.351629919e-11
20	119	-1.03881348e-11
21	112	-2.117239717e-11
22	107	-4.282618704e-11
23	109	7.33990646e-12
24	150	-6.695088928e-12
25	131	-2.845546021e-11
26	106	-2.784439346e-11
27	118	-5.235634148e-11
28	126	3.961098116e-11
29	117	-1.299227392e-11
30	111	-7.585043704e-12
31	104	-3.485745026e-11
32	98	-9.329426121e-12
33	100	-8.027001286e-11
34	101	-2.725286663e-11
35	105	-5.440625728e-11
36	112	4.42312853e-13
37	114	-3.686650984e-11
38	112	-1.343103406e-11
39	109	-8.387956996e-11
40	107	-1.691091711e-12
41	118	1.570299446e-11
42	115	-2.967226465e-11
43	103	1.228883661e-11
44	102	-3.707967267e-11
45	105	-1.90887306e-11
46	102	-1.174349507e-11
47	99	4.710898338e-11
48	99	2.28297381e-11
49	103	9.819700608e-12
50	105	2.129318943e-11
51	108	3.504574408e-11
52	109	4.803268894e-12
53	109	-1.54543045e-12
54	110	-2.572697611e-11
55	111	-3.455014053e-11
56	110	7.945644143e-12
57	110	4.348166271e-11
58	110	2.204636473e-11
59	109	1.933386784e-11
60	110	7.798206525e-12
61	111	9.293898984e-12
62	111	-1.033484409e-11
63	107	-2.624034323e-11
64	155	-5.126032931e-11
65	185	-5.234390699e-11
66	203	-4.473221793e-11
67	189	-3.52837759e-11
68	157	2.587441372e-11
69	132	-3.048938879e-11
70	127	-3.42303963e-12
71	131	-7.240430477e-12
72	138	-3.532107939e-11
73	166	-1.328892552e-11
74	188	-1.725908305e-11
75	163	-3.477573784e-11
76	112	-9.011458246e-12
77	116	1.975308805e-12
78	121	-1.533528859e-11
79	122	-5.313793849e-11
80	126	-2.521005626e-11
81	130	-4.704325818e-11
82	133	-3.709210716e-11
83	132	-2.113154096e-11
84	131	-4.826361533e-11
85	125	-7.787548384e-12
86	126	-2.415845302e-12
87	130	2.522426712e-11
88	168	-5.440448092e-11
89	173	6.751932347e-12
90	137	-3.653788383e-11
91	151	-3.648636948e-11
92	140	-3.102229584e-11
93	136	-1.08446585e-11
94	151	1.471178734e-11
95	154	3.077360589e-11
96	139	-3.640288071e-11
97	128	-3.118216796e-11
98	125	-5.085709631e-11
99	120	-6.631672989e-11
100	122	-2.631317386e-11
101	129	-3.240785418e-11
102	132	1.836220065e-11
103	130	-7.439204808e-11
104	122	-7.798206525e-13
105	120	8.615330671e-13
106	122	3.672084858e-11
107	118	-1.601740962e-11
108	111	-7.553069281e-12
109	104	-5.170086581e-11
110	103	-3.741718047e-11
111	107	-1.426236906e-11
112	114	-4.169109502e-12
113	121	1.445066289e-12
114	120	8.890665981e-13
115	121	5.180211815e-11
116	120	-2.177102942e-11
117	118	5.115730062e-11
118	117	2.310329705e-11
119	117	-1.82076576e-12
120	117	4.199307568e-12
121	116	1.342659317e-11
122	116	4.245137575e-11
123	117	-5.135447623e-12
124	115	2.162003909e-11
125	117	1.443645203e-11
126	118	-3.696154494e-11
127	118	-2.04263273e-11
128	152	-7.664979762e-12
129	147	2.622257966e-11
130	159	-2.113864639e-13
131	188	1.932232152e-11
132	202	-2.680078381e-11
133	187	5.498890232e-11
134	153	-2.095568163e-11
135	134	4.455991132e-12
136	137	-4.28279634e-11
137	158	-5.034905826e-11
138	189	-2.754152462e-11
139	185	8.33466629e-12
140	140	3.863576126e-12
141	123	-3.248690206e-11
142	126	1.545163997e-11
143	126	-2.712585712e-11
144	126	-1.911626413e-11
145	126	-8.565059773e-11
146	128	-4.126210484e-11
147	129	-6.126121832e-11
148	130	-2.800959464e-11
149	138	1.702549213e-11
150	157	2.436539859e-11
151	183	-6.404654584e-12
152	192	-1.853184273e-11
153	170	-6.294698096e-11
154	119	-2.703082203e-11
155	144	-5.557865279e-11
156	162	-7.122391565e-11
157	151	-3.633715551e-11
158	162	-5.660982794e-11
159	156	8.770761895e-12
160	155	-9.924505662e-12
161	162	6.529177199e-11
162	153	2.786215703e-12
163	146	-3.029665407e-11
164	136	-4.428102329e-11
165	134	-8.808065388e-12
166	134	-3.610445276e-12
167	134	-1.852384912e-11
168	130	-5.267519754e-11
169	114	-1.066613464e-11
170	117	-1.667999072e-12
171	134	-2.65707456e-11
172	135	3.828937167e-11
173	125	-1.882760614e-11
174	127	-1.839151054e-11
175	127	-2.824673828e-11
176	132	2.73159273e-11
177	130	4.466649273e-11
178	128	4.522249242e-11
179	125	-4.098588136e-11
180	125	-3.180655739e-11
181	125	1.336442068e-11
182	125	1.191580168e-11
183	126	-3.929478964e-11
184	124	-3.164579709e-12
185	123	-3.519851077e-12
186	124	-2.273470301e-11
187	125	-2.147348965e-11
188	124	1.148503515e-11
189	126	3.263167514e-11
190	126	-1.825206652e-11
191	124	-1.101696512e-11
192	174	-2.206768102e-11
193	167	-6.091127602e-11
194	161	-2.220801321e-11
195	159	-4.635403172e-12
196	179	1.374811376e-11
197	202	-3.357492062e-11
198	186	-1.250022308e-11
199	149	4.059863556e-12
200	146	-3.494982082e-11
201	145	-1.685407369e-11
202	180	-8.052136735e-11
203	203	-1.561595298e-11
204	159	-3.364331036e-11
205	137	1.057820498e-12
206	140	-2.888178585e-11
207	138	1.092814728e-11
208	135	-3.683275906e-12
209	130	-2.418509837e-11
210	128	-1.625899415e-11
211	126	-1.688515994e-11
212	122	-8.064660051e-13
213	133	-5.163780514e-11
214	181	3.345768107e-12
215	210	-4.198685843e-11
216	199	1.577582509e-11
217	157	-1.394706572e-11
218	141	-1.847322295e-11
219	127	-1.03304032e-11
220	136	2.25499619e-11
221	147	6.80078216e-12
222	132	-2.017319645e-11
223	123	-1.128963589e-11
224	133	-2.453948156e-11
225	153	-5.084466181e-11
226	163	-1.342304046e-11
227	163	-3.467626186e-11
228	145	-5.62572211e-11
229	134	-3.428191064e-11
230	126	3.884004229e-12
231	118	-3.267608406e-12
232	123	-2.571631796e-11
233	122	1.153566132e-11
234	119	3.950351157e-11
235	133	-3.354649891e-12
236	151	-1.701661034e-11
237	154	1.189093268e-11
238	163	-2.500399887e-11
239	162	3.906475143e-11
240	155	-4.508837748e-11
241	154	1.052846699e-11
242	142	3.147082595e-11
243	127	-3.559819106e-12
244	125	3.397992998e-11
245	124	1.940048122e-11
246	123	-5.723421737e-12
247	125	-1.383870796e-11
248	122	2.621725059e-11
249	123	-7.039702155e-12
250	124	-4.520828156e-13
251	125	1.892441759e-11
252	126	3.111733093e-11
253	126	-3.946176719e-12
254	125	1.606537126e-11
255	123	-1.697042507e-11
256	179	1.467359567e-11
257	177	-4.42970105e-11
258	175	-1.197619781e-11
259	174	-3.664091253e-11
260	173	-6.437694822e-11
261	183	-2.182076742e-11
262	185	4.435563028e-12
263	174	-4.627498384e-11
264	174	6.667555397e-12
265	162	-1.697664231e-11
266	169	5.250910817e-12
267	197	-2.842881486e-11
268	172	-2.88631341e-11
269	150	-2.580868852e-11
270	154	-6.478195758e-11
271	152	-5.381028956e-11
272	148	-3.304823082e-11
273	144	-4.857447777e-11
274	142	-4.817035659e-11
275	140	-1.431743613e-12
276	134	-7.582023898e-11
277	156	-1.988098575e-11
278	210	-1.349054202e-11
279	198	2.278088829e-11
280	147	-2.29283259e-11
281	132	2.485744943e-11
282	132	-2.248778941e-11
283	136	-4.341416115e-11
284	139	9.139355939e-12
285	142	-4.370903639e-11
286	147	-5.417000182e-12
287	143	-1.616751177e-11
288	153	3.340439036e-12
289	137	-1.844568942e-11
290	130	-3.373301638e-12
291	162	4.275690912e-11
292	145	-1.638689184e-11
293	122	-3.735944887e-11
294	132	-6.216538395e-11
295	141	-4.580691382e-11
296	134	-5.82822679e-11
297	137	1.204902844e-11
298	132	9.5772279e-12
299	136	1.341859956e-11
300	140	-1.066169375e-11
301	143	-2.037037206e-11
302	151	2.356692619e-11
303	156	-7.255529511e-12
304	161	-2.437516855e-11
305	153	-3.223377121e-11
306	150	-1.522426629e-11
307	139	-1.807531902e-11
308	143	1.040234565e-11
309	135	2.198774496e-11
310	123	-1.187849819e-11
311	117	-7.305267502e-12
312	116	-4.388223118e-11
313	116	-3.077538224e-12
314	117	4.399414166e-11
315	120	2.671374233e-11
316	121	2.180300385e-11
317	123	1.692068707e-11
318	125	4.329248071e-11
319	127	1.652544768e-11
320	198	-4.859224134e-12
321	195	-7.168488025e-12
322	193	1.194688792e-11
323	198	-2.837818869e-11
324	202	-5.669242853e-12
325	190	1.927968896e-11
326	182	2.708766544e-11
327	191	-4.671818488e-12
328	190	2.865263582e-12
329	168	-1.605204858e-11
330	166	-4.441069734e-11
331	195	-6.920242157e-11
332	212	-7.267519919e-11
333	172	-2.968558732e-11
334	158	-2.587352554e-11
335	164	-3.834532691e-11
336	167	-1.767652691e-11
337	168	-5.146993942e-11
338	168	7.39053263e-12
339	168	-8.152145625e-11
340	152	-8.437694987e-14
341	177	-1.29025679e-11
342	207	-3.914291113e-11
343	148	-2.427569257e-11
344	125	-2.199751492e-11
345	128	9.362288722e-12
346	132	-2.412292588e-11
347	146	2.504041419e-11
348	162	-1.591171639e-11
349	167	-1.616484724e-11
350	165	-7.044587136e-11
351	174	-1.26432198e-11
352	170	-3.942179916e-11
353	159	-3.104716484e-11
354	154	4.543032617e-12
355	149	9.139355939e-12
356	140	3.579092578e-11
357	119	-2.895639284e-11
358	119	8.744116542e-12
359	132	-7.39879269e-11
360	141	-5.081179921e-11
361	162	-2.784616981e-11
362	190	1.823963203e-11
363	151	4.591349523e-11
364	140	2.119460163e-11
365	153	1.720401599e-11
366	151	-1.940669847e-11
367	168	4.921396624e-12
368	194	-3.574029961e-12
369	175	5.184386254e-11
370	146	-2.616484807e-11
371	133	-8.945733043e-12
372	124	-1.507549641e-11
373	128	5.78213033e-11
374	135	-1.172661968e-11
375	134	-4.742028992e-11
376	141	8.626876991e-12
377	140	3.660760584e-11
378	129	-1.392796989e-11
379	120	8.165912391e-12
380	117	3.86215504e-11
381	121	8.948841668e-12
382	127	3.840483487e-12
383	129	7.872813512e-12
384	216	2.561506562e-12
385	211	7.655653889e-12
386	208	-4.898437211e-11
387	210	-4.443201362e-11
388	212	-4.249267604e-11
389	208	1.941202754e-11
390	202	-3.671729587e-11
391	202	-6.254108342e-12
392	195	9.848122318e-12
393	175	8.342215807e-12
394	169	-4.402300746e-11
395	197	-5.063194308e-11
396	216	6.061817714e-13
397	201	-7.098144295e-11
398	176	-3.134958959e-11
399	181	-4.192068914e-11
400	178	9.086953412e-12
401	171	-1.413402728e-11
402	163	-5.810019132e-12
403	156	-4.004929721e-11
404	148	-2.105249308e-11
405	176	-7.363087917e-11
406	169	-3.407274463e-11
407	140	-3.685229899e-11
408	150	-1.144551121e-11
409	155	-4.789990626e-11
410	156	-2.271427491e-11
411	152	1.746780498e-11
412	142	1.946354189e-11
413	139	-3.241895641e-11
414	144	-6.155120857e-11
415	148	-5.054445751e-11
416	144	-4.448397206e-11
417	140	-7.571276939e-12
418	147	-1.516564652e-11
419	162	3.391820158e-11
420	158	-3.746203348e-11
421	139	-8.040235144e-12
422	137	-1.571054398e-11
423	149	-3.212541344e-12
424	182	-1.50346402e-11
425	173	-3.36788375e-11
426	180	-1.395861204e-11
427	182	-2.006705913e-11
428	125	1.3495427e-11
429	145	-3.59956509e-11
430	183	-5.803801884e-12
431	196	-7.45021822e-11
432	185	-3.1266989e-11
433	164	-8.682921049e-11
434	148	-5.416112003e-11
435	144	-8.608669333e-12
436	139	-4.367439743e-11
437	162	-1.38946632e-11
438	166	-1.448885456e-11
439	156	3.001732196e-11
440	153	2.598365967e-11
441	156	-3.716937869e-11
442	156	-8.229239512e-11
443	153	-8.695266729e-12
444	140	-1.151923001e-11
445	126	-1.392086446e-11
446	129	4.270672704e-11
447	136	3.579359031e-12
448	218	8.46434034e-12
449	214	-3.079936306e-11
450	213	-4.013855914e-11
451	214	-3.409894589e-11
452	218	-2.41180409e-11
453	216	-3.996580844e-11
454	217	-4.128786202e-11
455	213	6.491607252e-11
456	212	-6.943778885e-11
457	203	-1.16679999e-11
458	196	-1.997291221e-11
459	199	-3.149569494e-11
460	213	-6.121458895e-11
461	218	-3.084466016e-11
462	185	-5.027089856e-12
463	175	-2.616529216e-11
464	174	-3.660449721e-11
465	171	-3.524291969e-11
466	171	-1.441069486e-11
467	172	-3.201039434e-11
468	175	-1.615774181e-11
469	177	-2.296918211e-11
470	178	-2.53610466e-11
471	183	-6.552625109e-11
472	184	-3.800337822e-11
473	178	-3.715960872e-11
474	169	-4.050804137e-11
475	161	-2.237321439e-11
476	160	-7.265299473e-12
477	159	1.313615883e-12
478	158	-5.556355376e-11
479	154	-4.777245266e-11
480	150	-8.137313046e-11
481	146	-6.271605457e-11
482	139	1.559374851e-11
483	139	2.753353101e-14
484	167	-3.06865644e-11
485	186	2.792788223e-11
486	192	4.291678124e-12
487	212	-6.435474376e-11
488	212	-1.362021607e-11
489	201	-4.241584861e-11
490	185	-6.211919867e-11
491	178	-3.70041775e-11
492	195	-4.169820045e-11
493	183	-1.236966085e-11
494	152	-1.411493145e-11
495	149	-2.826183731e-11
496	154	-5.109068724e-11
497	153	-6.544631503e-11
498	143	-3.737987697e-11
499	151	1.994493459e-11
500	185	3.991473818e-12
501	197	6.142641951e-12
502	187	-1.052313792e-11
503	194	-3.044053898e-11
504	189	2.585043291e-11
505	169	-3.06412673e-11
506	149	-5.212008602e-11
507	142	-4.059597103e-11
508	148	-2.715694336e-11
509	149	-1.741895517e-11
510	164	5.36193312e-12
511	159	-8.953726649e-12
512	224	-2.594369164e-12
513	220	-1.780975367e-11
514	217	-2.819966483e-12
515	213	-3.777422819e-12
516	212	-8.686384945e-13
517	223	-1.381383896e-11
518	236	-2.622346784e-11
519	227	-5.182609897e-11
520	216	-5.411759929e-11
521	208	3.309352792e-12
522	209	-1.481748058e-11
523	210	-4.048938962e-11
524	216	3.165467888e-12
525	219	-4.409894672e-11
526	200	-6.496314597e-11
527	196	4.833999867e-11
528	195	-1.264499616e-11
529	195	1.916777848e-11
530	196	-3.920330727e-11
531	204	-8.4865448e-12
532	211	-3.31850103e-11
533	216	-3.261213521e-11
534	220	-5.440092821e-11
535	212	-5.006661752e-11
536	205	-2.818989486e-11
537	193	-3.000799609e-11
538	181	-3.244515767e-11
539	181	-6.094325045e-11
540	183	-2.266897781e-11
541	180	-6.687717047e-11
542	172	-4.868816461e-11
543	169	-4.942712906e-11
544	162	-2.466826743e-11
545	158	-3.461408937e-11
546	163	-2.828848267e-11
547	174	-1.023181539e-11
548	194	-1.596234256e-11
549	201	-1.697575414e-11
550	201	-2.480327055e-11
551	207	-5.370903722e-11
552	210	-4.224087746e-11
553	217	-6.770228822e-11
554	219	-3.796252201e-11
555	197	-2.764544149e-11
556	185	-5.502176492e-11
557	185	-1.360067614e-11
558	180	-3.374100999e-11
559	152	-3.970157536e-11
560	175	1.501643254e-11
561	174	-2.868993931e-11
562	153	-6.399147878e-11
563	150	-7.940315072e-12
564	152	-2.002309429e-11
565	159	1.076383427e-11
566	165	6.003197939e-12
567	168	-1.900701818e-13
568	167	1.414424133e-11
569	173	2.565236912e-11
570	178	2.276134836e-11
571	182	-3.531397397e-12
572	195	-3.85353971e-11
573	194	-2.87645463e-11
574	182	-1.802913374e-11
575	184	-3.794209391e-11
576	228	1.903455171e-11
577	225	1.331645905e-11
578	226	-2.202682481e-13
579	223	-4.545075427e-11
580	222	-6.213340953e-11
581	236	-5.88995519e-11
582	234	-7.596767659e-11
583	223	-6.930545027e-11
584	219	-1.765609881e-11
585	226	-1.464428578e-11
586	234	-2.474642713e-11
587	238	-3.633715551e-11
588	236	2.854605441e-12
589	232	-5.771383371e-11
590	212	-6.814637743e-11
591	204	-3.736388976e-11
592	211	8.068212765e-12
593	211	-3.996092346e-11
594	209	-4.441602641e-11
595	204	-5.220712751e-11
596	204	-1.318056775e-12
597	201	-4.842348744e-12
598	197	-7.090683596e-11
599	189	3.137046178e-12
600	183	-6.366462912e-11
601	185	-3.646327684e-11
602	193	-6.933831287e-11
603	200	1.952216167e-11
604	205	-4.720135394e-11
605	204	-3.373301638e-12
606	203	-3.788436231e-11
607	205	-3.750777466e-11
608	206	-6.106404271e-11
609	206	-6.550315845e-11
610	209	-4.554401301e-11
611	200	-5.691092042e-11
612	191	-1.863753596e-11
613	182	-4.002131959e-11
614	180	5.691447313e-12
615	182	-7.807265945e-11
616	190	-6.578559919e-11
617	196	-5.20756771e-11
618	197	-4.302336265e-11
619	196	-4.522249242e-11
620	167	-3.983835484e-11
621	142	-5.615952148e-11
622	160	-9.368861242e-11
623	186	2.076028238e-11
624	206	-1.300826113e-11
625	199	-3.106315205e-11
626	179	-1.838529329e-11
627	180	-3.695177497e-11
628	182	-5.40474332e-11
629	189	-2.076916417e-11
630	170	2.771116669e-11
631	160	-4.714451052e-12
632	170	9.888978525e-12
633	187	-2.490452289e-11
634	194	-5.547562409e-12
635	197	-9.467981954e-13
636	196	-4.755307259e-12
637	198	-6.494182969e-11
638	192	-4.838796031e-11
639	175	2.33111308e-11
640	235	-5.316991292e-11
641	228	-1.737809896e-11
642	226	1.411848416e-11
643	232	2.051159242e-11
644	230	-5.389466651e-11
645	225	-3.964828466e-11
646	214	-5.467093445e-11
647	210	-7.135092517e-11
648	216	-7.225686716e-11
649	220	-1.84545712e-11
650	215	-2.557776213e-11
651	214	-6.058620272e-11
652	218	-3.040767638e-11
653	225	-1.921129922e-11
654	222	-5.585043539e-11
655	211	-8.279243957e-11
656	211	-6.585310075e-11
657	207	-5.727507357e-11
658	202	-3.620925781e-11
659	207	-4.083133831e-11
660	207	-8.27338198e-11
661	204	-4.03215239e-11
662	201	1.590194643e-11
663	209	-6.48796572e-11
664	212	-4.513012186e-11
665	185	-3.08553183e-11
666	160	1.772804126e-12
667	147	-6.291145382e-11
668	144	-6.245670647e-11
669	183	-1.79198878e-11
670	209	-7.000089397e-11
671	209	-6.712141953e-11
672	207	-4.230749084e-11
673	206	-6.035172362e-11
674	200	-5.088551802e-11
675	192	3.515410185e-11
676	189	-4.862954484e-11
677	191	3.122835324e-12
678	182	-1.791278237e-11
679	167	-1.801225835e-11
680	161	-8.506972904e-12
681	163	-4.109423912e-11
682	162	-5.777245349e-11
683	175	-8.775913329e-11
684	193	-5.429789951e-11
685	176	-7.754330511e-11
686	167	-3.216094058e-11
687	173	-8.064660051e-12
688	182	-5.342926102e-11
689	195	1.131894578e-11
690	205	5.379696688e-11
691	205	-1.86357596e-11
692	202	-7.683098602e-11
693	206	-5.460165653e-11
694	204	-5.55537838e-11
695	193	1.449507181e-11
696	190	-5.232614342e-11
697	192	4.380495966e-12
698	183	-1.415578765e-11
699	188	-4.265743314e-11
700	195	-5.004885395e-11
701	195	-4.860112313e-12
702	194	-5.036859818e-11
703	186	-9.68380931e-11
704	227	-1.165414432e-10
705	227	-2.825473189e-11
706	226	-5.666578318e-13
707	225	-4.039613088e-11
708	222	-2.270184041e-11
709	217	-1.855937626e-11
710	216	-4.220979122e-11
711	213	-4.349942628e-11
712	211	-1.000195482e-10
713	211	-5.224620736e-11
714	209	-9.136158496e-11
715	205	-5.228706357e-11
716	205	-5.541167525e-11
717	205	-4.79722928e-11
718	206	-8.568967758e-11
719	208	-2.759037443e-11
720	206	-3.57118779e-11
721	206	-1.161648555e-10
722	204	-6.061640079e-11
723	164	-2.592948078e-11
724	137	1.090683099e-12
725	161	-7.140954494e-11
726	182	1.949018724e-11
727	150	-9.447376215e-11
728	128	-7.620926112e-11
729	92	-7.64242003e-11
730	77	-1.188062981e-10
731	78	-9.929834732e-11
732	77	-4.638422979e-11
733	92	-7.210587682e-11
734	101	-6.792788554e-12
735	125	-4.400213527e-11
736	145	-3.747580024e-11
737	142	-4.626699024e-11
738	122	-6.556355459e-11
739	114	-7.519496137e-11
740	90	-1.217799195e-10
741	94	-1.059365928e-10
742	136	-8.260059303e-11
743	164	-7.770495358e-11
744	181	-8.469847046e-11
745	176	-3.023892248e-11
746	161	-9.528200451e-11
747	162	-8.783374028e-11
748	180	-1.134026206e-11
749	199	-3.730526998e-11
750	203	-6.065548064e-11
751	194	-5.344702458e-11
752	187	-2.200195581e-11
753	189	-4.337330495e-11
754	200	-4.632383366e-11
755	196	-7.712586125e-11
756	191	-1.211120093e-11
757	192	-6.774492078e-11
758	192	-6.949463227e-11
759	200	-3.54525298e-11
760	199	-7.07611747e-11
761	195	-1.394084848e-11
762	194	-6.544631503e-11
763	197	-4.022737699e-11
764	190	-2.287769973e-11
765	182	-3.296030116e-11
766	177	-9.732303852e-11
767	167	-3.048938879e-11
768	222	-5.571187955e-11
769	218	-1.065885158e-10
770	218	-2.301270285e-11
771	220	-4.043343438e-11
772	221	-3.731237541e-11
773	220	-8.523315387e-11
774	218	-3.391775749e-11
775	217	-1.115409987e-10
776	214	-8.433431731e-11
777	211	-9.636735854e-11
778	206	-3.753619637e-11
779	207	-1.851852005e-11
780	209	-8.225597981e-11
781	210	-1.706013109e-11
782	209	-5.809397408e-11
783	205	9.134026868e-12
784	210	-1.13931975e-10
785	202	-5.173461659e-11
786	125	-3.5543124e-11
787	75	-1.96358485e-11
788	68	-6.85549395e-11
789	74	1.776356839e-15
790	83	-2.259881171e-11
791	77	-4.070699333e-11
792	69	-3.725375564e-11
793	78	-3.652367297e-11
794	82	-1.141664541e-11
795	82	-7.407052749e-11
796	85	-5.705302897e-11
797	84	-1.055511234e-10
798	82	4.621547589e-11
799	77	-7.101164101e-11
800	76	-4.864020298e-11
801	73	-2.300382107e-11
802	77	-5.938005643e-11
803	87	-6.57109922e-11
804	68	-5.86446447e-11
805	70	-6.285816312e-11
806	71	-5.396572078e-12
807	81	-5.351274979e-11
808	102	-2.588507186e-11
809	134	-6.13731288e-12
810	152	-6.696865285e-13
811	167	-1.371880387e-11
812	157	-2.470557092e-11
813	127	-5.736211506e-11
814	122	-2.830979895e-11
815	136	-4.829558975e-11
816	170	-1.552535878e-12
817	178	-8.067679858e-11
818	171	-3.3855585e-11
819	176	-4.231992534e-11
820	177	-1.843680764e-11
821	181	-6.371791983e-11
822	175	-3.880451516e-11
823	172	-3.773159563e-11
824	181	-4.048139601e-11
825	190	8.395062423e-12
826	193	-2.25828245e-11
827	184	-3.764100143e-12
828	176	-3.415934202e-11
829	177	-5.464251274e-11
830	180	-7.875300412e-11
831	175	-2.338573779e-11
832	232	-3.904254697e-11
833	229	-3.407407689e-11
834	226	-1.390354498e-11
835	227	-5.356781685e-11
836	224	-3.369748924e-12
837	221	9.070078022e-12
838	221	-1.18820509e-11
839	221	-9.323741779e-11
840	219	-5.971934058e-11
841	219	-7.939071622e-11
842	214	-5.467093445e-11
843	200	-3.272937477e-11
844	191	-4.400035891e-11
845	182	-6.023981314e-11
846	179	-7.894129794e-12
847	184	-6.503242389e-12
848	165	-4.350830807e-11
849	100	-3.346833921e-11
850	76	-3.336886323e-11
851	79	-2.870059745e-11
852	79	-8.751221969e-11
853	78	1.058886312e-11
854	77	-3.664268888e-11
855	82	8.382627925e-12
856	71	-7.058531537e-11
857	66	-5.062616992e-12
858	70	-6.191314128e-11
859	70	-2.548539157e-11
860	70	-4.384581587e-11
861	72	-3.882405508e-11
862	75	-2.238564889e-11
863	76	-2.835598423e-11
864	79	2.18172147e-11
865	82	-5.413980375e-11
866	84	-1.788080795e-11
867	91	-3.858957598e-11
868	92	-6.093614502e-11
869	92	-6.300027167e-11
870	74	1.086597479e-11
871	81	7.700506899e-12
872	77	-6.785683127e-13
873	74	2.246380859e-11
874	74	-1.82858173e-11
875	83	6.96331881e-13
876	77	-2.689759526e-11
877	68	-4.592592973e-11
878	73	-5.875477882e-11
879	66	-3.042188723e-11
880	83	-9.958256442e-12
881	130	-2.222577677e-11
882	171	3.587530273e-11
883	167	-3.113598268e-11
884	160	-1.815081418e-11
885	165	-3.25428573e-11
886	161	-1.293187779e-11
887	155	-4.951417054e-11
888	156	-4.795808195e-11
889	164	-4.595079872e-11
890	161	-4.713740509e-11
891	154	3.700151296e-11
892	157	-2.19735341e-11
893	162	1.069722089e-11
894	161	-3.02051717e-11
895	154	-3.635847179e-11
896	172	-6.598810387e-11
897	172	-1.328714916e-11
898	182	-4.366995654e-11
899	182	-7.145928294e-11
900	197	-4.33750813e-11
901	208	-5.227107636e-11
902	203	-3.366906753e-11
903	203	-4.330757974e-11
904	198	-4.368416739e-11
905	177	-2.853184355e-11
906	119	-5.353584243e-11
907	99	-7.032951999e-11
908	94	-3.365840939e-11
909	93	-4.796518738e-11
910	104	-5.13722398e-12
911	95	-4.961719924e-11
912	79	-1.350031198e-13
913	82	-3.910471946e-11
914	96	-6.12701001e-11
915	78	-5.074340947e-11
916	75	-2.713207436e-11
917	72	-4.112621355e-11
918	73	-2.922817544e-11
919	83	-4.535394282e-11
920	82	7.457146012e-12
921	71	2.722799763e-11
922	71	-2.179945113e-11
923	69	7.990053064e-12
924	70	-1.910649416e-11
925	64	5.993427976e-12
926	64	-4.047606694e-11
927	70	-6.178169087e-12
928	74	-2.096811613e-11
929	63	2.52455834e-11
930	66	7.684519687e-12
931	82	-2.2595259e-11
932	96	-7.070966035e-11
933	87	-3.838351859e-11
934	69	-4.639844065e-11
935	68	-5.088196531e-11
936	65	8.938627616e-12
937	72	-2.773248298e-11
938	74	1.230660018e-11
939	72	2.367883667e-11
940	89	-7.485567721e-12
941	82	-1.631761393e-11
942	90	-1.787725523e-11
943	88	-3.201350296e-11
944	70	-1.949018724e-11
945	68	-1.629985036e-11
946	109	-3.297984108e-11
947	161	-4.387956665e-11
948	170	-4.398259534e-12
949	165	2.025046797e-12
950	157	-2.533795396e-11
951	151	-3.5946357e-11
952	150	2.163957902e-11
953	147	4.458655667e-12
954	147	-1.058708676e-12
955	146	-4.672884302e-11
956	145	-3.534239568e-11
957	143	-2.779643182e-11
958	140	-2.385291964e-11
959	135	-3.913314117e-11
960	106	-4.040856538e-11
961	108	-7.174705274e-11
962	111	-6.298961353e-11
963	104	-3.21271898e-11
964	111	-2.417621658e-11
965	112	-3.139533078e-11
966	105	-6.861711199e-11
967	108	5.382361223e-12
968	99	9.471534668e-12
969	91	-3.736744247e-11
970	86	-6.361489113e-11
971	84	-3.070255161e-11
972	96	1.179500941e-12
973	101	-4.304467893e-11
974	78	-2.398081733e-12
975	104	5.414335646e-12
976	84	-1.284305995e-11
977	71	-5.21787058e-11
978	71	-4.904876505e-11
979	77	-6.325961976e-11
980	72	-1.76356707e-11
981	72	-5.382005952e-11
982	66	-5.665512504e-11
983	68	-2.632916107e-11
984	74	-7.510436717e-12
985	72	2.789946052e-11
986	65	-8.171241461e-13
987	64	5.034195283e-12
988	62	-3.274180926e-11
989	64	-8.399325679e-11
990	65	-5.811529036e-11
991	67	-1.63637992e-11
992	53	-3.738165333e-11
993	58	-8.726530609e-11
994	64	4.082068017e-12
995	88	1.627498136e-11
996	85	-2.940936383e-11
997	77	-2.440003755e-11
998	65	-6.46984688e-11
999	71	-3.982236763e-11
1000	53	-3.228706191e-11
1001	75	1.752553658e-11
1002	74	-1.3375967e-11
1003	55	1.448796638e-11
1004	84	-5.060840635e-11
1005	84	-1.244870873e-11
1006	65	-3.513278557e-11
1007	59	8.753886505e-12
1008	58	-5.068301334e-11
1009	60	-8.499512205e-11
1010	57	1.039524022e-11
1011	85	2.349054284e-11
1012	114	-3.462830023e-11
1013	132	-9.624301356e-12
1014	149	1.536193395e-11
1015	152	-3.63868935e-11
1016	147	-7.424105775e-11
1017	146	-3.431210871e-11
1018	143	-2.042810365e-11
1019	142	-1.772804126e-11
1020	137	-2.568256718e-11
1021	136	-1.991651288e-11
1022	135	-3.585398645e-11
1023	131	-6.703970712e-12
1024	107	7.496225862e-13
1025	101	-6.455280754e-11
1026	101	-5.510258916e-11
1027	91	-5.719869023e-11
1028	89	-2.360422968e-11
1029	88	-3.398525905e-11
1030	99	1.772448854e-11
1031	92	7.602807273e-12
1032	93	5.883293852e-12
1033	100	-8.355982573e-12
1034	101	5.574207762e-12
1035	103	-3.392131021e-11
1036	111	-6.827249877e-11
1037	76	-4.432720857e-11
1038	91	-4.575895218e-12
1039	102	-1.669775429e-13
1040	86	-1.478994704e-11
1041	73	1.393019033e-11
1042	66	-4.312639135e-11
1043	66	-2.90896196e-11
1044	65	-2.567190904e-11
1045	70	-5.930900215e-11
1046	66	-4.605382742e-11
1047	70	-3.190336884e-11
1048	65	-3.772981927e-12
1049	70	-2.823696832e-11
1050	73	-2.099653784e-12
1051	62	-3.577582675e-11
1052	58	-1.572786346e-11
1053	50	-4.840217116e-11
1054	55	-3.381117608e-11
1055	66	-1.11164411e-11
1056	101	1.593747356e-11
1057	115	1.804778549e-12
1058	117	-1.61293201e-11
1059	105	-3.42055273e-11
1060	92	-8.032685628e-12
1061	86	2.316369319e-12
1062	73	-3.564082363e-11
1063	69	-5.067590791e-11
1064	49	-2.36610731e-12
1065	60	-3.933919857e-11
1066	65	1.57385216e-11
1067	54	-9.332978834e-12
1068	53	7.567280136e-12
1069	83	-8.316902722e-12
1070	68	-3.684519356e-11
1071	59	-2.259170628e-11
1072	65	-2.588862458e-11
1073	69	2.321343118e-11
1074	52	-3.77902154e-11
1075	40	-3.273825655e-11
1076	46	-1.713829079e-11
1077	61	5.941558356e-11
1078	80	-1.178079856e-11
1079	116	-1.984901132e-11
1080	140	-4.428102329e-11
1081	142	-6.133404895e-11
1082	143	-5.002576131e-11
1083	140	-1.778488468e-11
1084	140	-5.538680625e-11
1085	142	-3.268141313e-11
1086	143	-3.289812867e-11
1087	142	9.084288877e-12
1088	99	-1.691446982e-11
1089	89	2.106759212e-12
1090	84	-2.902567076e-11
1091	84	-5.902833777e-11
1092	91	-5.909939205e-11
1093	111	-5.347189358e-11
1094	91	-2.591704629e-11
1095	65	-1.016786655e-11
1096	76	-1.627498136e-11
1097	82	-4.22062385e-11
1098	88	-8.224532166e-12
1099	108	-4.031264211e-11
1100	106	-2.392752663e-11
1101	102	-2.191313797e-11
1102	107	-8.363088e-12
1103	65	-5.172040574e-11
1104	53	-2.81268342e-11
1105	65	-2.408384603e-11
1106	80	-5.842082373e-11
1107	70	-6.691180943e-11
1108	64	-8.638778581e-11
1109	64	-3.283417982e-11
1110	74	-5.001510317e-11
1111	66	-1.842792585e-11
1112	57	5.048406138e-12
1113	69	4.514433272e-11
1114	67	-1.834621344e-11
1115	72	2.614797268e-12
1116	79	2.437161584e-11
1117	92	-1.445954467e-11
1118	120	-4.847677815e-11
1119	155	-3.189626341e-11
1120	174	-1.984901132e-11
1121	125	1.206856837e-11
1122	52	4.426681244e-12
1123	38	-2.909672503e-11
1124	59	1.88293825e-12
1125	65	2.917133202e-11
1126	68	2.066613547e-11
1127	63	-5.204370268e-11
1128	52	-4.428457601e-11
1129	71	-4.956035582e-11
1130	68	-6.918554618e-11
1131	56	-7.464251439e-12
1132	62	1.407229888e-11
1133	71	3.227995649e-11
1134	60	-2.610889283e-11
1135	60	-7.801759239e-12
1136	74	-1.278266382e-11
1137	108	-6.020783871e-11
1138	101	-2.942357469e-11
1139	51	-2.880540251e-11
1140	44	-2.985345304e-11
1141	37	-4.961364652e-11
1142	45	2.393107934e-11
1143	52	-1.223909862e-11
1144	66	-1.602273869e-11
1145	80	-2.707167823e-12
1146	109	-1.684696826e-11
1147	127	-4.472866522e-11
1148	130	8.306244581e-12
1149	131	-1.400124461e-11
1150	131	-8.119371842e-11
1151	130	-2.415845302e-12
1152	105	-7.283063042e-12
1153	102	-1.723066134e-11
1154	108	-1.138644734e-11
1155	106	-7.23332505e-12
1156	101	-2.959765766e-11
1157	89	-5.011813187e-11
1158	81	-4.07496259e-12
1159	84	2.286881795e-11
1160	75	-2.01545447e-11
1161	65	9.833911463e-12
1162	89	-2.32454056e-11
1163	83	-6.707523426e-11
1164	89	-3.462474751e-11
1165	92	-8.35527203e-11
1166	74	-6.483702464e-11
1167	91	-2.714628522e-11
1168	88	-1.811883976e-13
1169	79	-1.045918907e-11
1170	87	2.103917041e-11
1171	77	1.310596076e-11
1172	61	-1.035971309e-11
1173	62	-3.640820978e-11
1174	66	-1.189803811e-11
1175	69	8.615330671e-12
1176	72	3.197442311e-11
1177	73	-8.203215884e-12
1178	99	-3.126388037e-13
1179	89	5.044142881e-11
1180	86	1.360334068e-11
1181	99	3.574029961e-12
1182	136	1.791278237e-11
1183	149	1.659472559e-11
1184	107	1.975308805e-12
1185	65	1.068656275e-11
1186	43	2.663469445e-11
1187	32	4.396838449e-11
1188	33	3.833378059e-12
1189	59	-4.668265774e-12
1190	67	1.731237376e-11
1191	55	-6.387779194e-12
1192	44	3.491607004e-11
1193	62	-4.951772326e-11
1194	52	-1.268318783e-11
1195	42	-8.306244581e-12
1196	53	-6.526335028e-11
1197	59	-5.158540262e-12
1198	52	-1.667643801e-11
1199	62	-2.55298005e-11
1200	71	-4.30624425e-11
1201	94	-4.352074257e-12
1202	109	3.868905196e-12
1203	101	-2.134115107e-11
1204	93	1.465139121e-11
1205	56	1.140421091e-12
1206	32	-2.353317541e-11
1207	32	-3.435829399e-11
1208	31	1.582733944e-11
1209	33	-5.110933898e-11
1210	49	-4.781952612e-12
1211	61	-7.530687185e-11
1212	75	-5.590194974e-11
1213	77	-9.406520007e-11
1214	72	1.871569566e-11
1215	84	6.348344073e-11
1216	79	-3.560529649e-11
1217	87	2.962963208e-12
1218	94	7.36832817e-12
1219	97	1.38697942e-11
1220	89	-8.411049635e-11
1221	87	-1.30384592e-11
1222	85	-2.521005626e-11
1223	79	2.219735507e-11
1224	70	-2.989963832e-11
1225	101	2.591704629e-11
1226	127	3.378630709e-12
1227	94	1.3351098e-11
1228	112	1.525179982e-11
1229	76	-4.10622647e-11
1230	79	-4.291678124e-12
1231	118	6.583178447e-12
1232	79	-1.198685595e-11
1233	67	-1.951150352e-11
1234	78	3.208810995e-11
1235	81	1.513456027e-11
1236	81	3.581845931e-11
1237	71	2.703259838e-11
1238	66	2.563993462e-11
1239	67	-1.701749852e-12
1240	80	-4.52189397e-11
1241	117	-1.228173119e-11
1242	102	2.361844054e-11
1243	64	-2.476241434e-12
1244	94	-3.577227403e-11
1245	79	1.351097012e-11
1246	57	4.512301643e-11
1247	58	9.62785407e-13
1248	56	-8.668621376e-12
1249	60	-3.334577059e-11
1250	73	-4.991562719e-12
1251	96	9.897860309e-12
1252	81	-1.666222715e-11
1253	40	-2.273736754e-13
1254	40	1.735855903e-11
1255	49	-2.141931077e-11
1256	70	-5.795186553e-11
1257	42	-4.810374321e-12
1258	53	-3.785416425e-11
1259	60	-1.386268877e-11
1260	59	-1.572075803e-11
1261	96	3.714362151e-11
1262	57	-1.161382102e-11
1264	58	1.512034942e-11
1265	69	4.831690603e-12
1266	93	-3.587885544e-11
1267	155	-6.590283874e-11
1268	144	-3.5946357e-11
1269	114	-1.714894893e-11
1270	88	-4.650502206e-12
1271	74	-1.95825578e-11
1272	58	-2.876987537e-11
1273	40	5.266187486e-11
1274	41	1.283950724e-11
1275	47	-1.988098575e-11
1276	52	-9.233502851e-12
1277	45	-1.010604933e-10
1278	42	-9.389822253e-12
1279	50	-3.594280429e-11
1280	76	-1.865174681e-12
1281	73	-5.588418617e-12
1282	74	2.450306624e-11
1283	72	-4.779820983e-11
1284	81	1.587352472e-11
1285	84	-2.385647235e-11
1286	86	-2.059152848e-11
1287	92	-5.752198717e-11
1288	110	-4.748557103e-11
1289	115	-3.116440439e-11
1290	107	-1.233146918e-11
1291	117	-2.948752353e-12
1292	99	-8.775202787e-13
1293	63	3.963052109e-11
1294	110	-3.340616672e-11
1295	84	-9.677592061e-12
1296	58	3.077360589e-11
1297	61	8.881784197e-14
1298	60	2.81019652e-12
1299	75	4.624567396e-11
1300	76	3.853983799e-11
1301	75	3.551647865e-11
1302	68	1.005417971e-12
1303	95	-1.787370252e-11
1304	147	9.112710586e-12
1305	100	-7.947420499e-12
1306	95	3.574740504e-11
1307	142	2.200195581e-11
1308	95	2.697930768e-11
1309	58	5.092459787e-11
1310	48	-2.680167199e-11
1311	46	4.264322229e-11
1312	53	1.94795291e-11
1313	65	-4.24904556e-11
1314	73	-4.454037139e-11
1315	72	2.795985665e-12
1316	99	2.202682481e-13
1317	81	3.48805429e-11
1318	66	3.82058829e-11
1319	68	8.380851568e-12
1320	77	4.648370577e-11
1321	80	-6.217248938e-13
1322	43	-4.457234581e-11
1323	67	1.720223963e-11
1324	88	-1.421085472e-13
1325	83	-4.899902706e-11
1326	88	-4.469313808e-12
1327	53	3.250022473e-11
1328	72	-5.772093914e-11
1329	60	-9.606537787e-12
1330	76	-2.049560521e-11
1331	81	-2.906119789e-12
1332	86	9.904965736e-12
1333	116	3.197442311e-14
1334	127	-3.305444807e-11
1335	111	-1.326938559e-11
1336	120	-1.647038061e-11
1337	106	-3.987210562e-11
1338	58	-7.051781381e-11
1339	50	1.238475988e-11
1340	51	-4.085620731e-12
1341	57	-8.967049325e-12
1342	49	1.0025758e-11
1343	47	-1.990230203e-11
1344	78	-4.858335956e-11
1345	77	3.574385232e-11
1346	81	1.060129762e-11
1347	76	-1.134381478e-11
1348	80	1.691802254e-11
1349	85	-1.459810051e-11
1350	84	-8.995471035e-12
1351	89	-8.888889624e-12
1352	99	-1.342925771e-11
1353	99	-3.470645993e-11
1354	111	-4.806821607e-12
1355	82	-1.891464763e-11
1356	72	4.250466645e-11
1357	86	3.243627589e-12
1358	112	-1.437427954e-11
1359	89	1.098143798e-11
1360	88	-5.066169706e-12
1361	85	-1.29851685e-11
1362	82	2.405897703e-11
1363	72	4.492761718e-11
1364	62	-1.718802878e-11
1365	76	4.595079872e-11
1366	112	5.036682182e-11
1367	154	1.833200258e-11
1368	121	-2.581046488e-11
1369	132	1.629274493e-11
1370	160	-3.934630399e-11
1371	112	6.611600156e-12
1372	81	5.769607014e-12
1373	57	2.195932325e-11
1374	37	3.691624784e-11
1375	39	3.394973191e-11
1376	54	1.044853093e-11
1377	34	-4.909850304e-11
1378	33	3.153743933e-11
1379	40	4.373390539e-12
1380	70	-3.130296022e-11
1381	127	-1.417532758e-11
1382	93	2.559019663e-11
1383	82	2.282618539e-11
1384	85	1.736211175e-11
1385	111	-2.074784788e-11
1386	101	-2.151523404e-11
1387	53	-2.210498451e-11
1388	50	9.332978834e-12
1389	54	2.988898018e-11
1390	56	4.504840945e-11
1391	63	-1.642774805e-11
1392	53	3.668532145e-11
1393	59	2.193090154e-11
1394	53	1.06226139e-12
1395	56	3.18429727e-11
1396	71	-4.166267331e-11
1397	61	-1.849898013e-11
1398	33	-1.421085472e-11
1399	76	1.68043357e-11
1400	144	1.260858085e-11
1401	115	4.359179684e-12
1402	68	-4.800071451e-11
1403	62	-1.22319932e-11
1404	58	-4.417088917e-11
1405	54	-4.905587048e-11
1406	53	-2.869171567e-11
1407	48	-2.403055532e-11
1408	98	-1.208988465e-11
1409	100	-1.571720532e-11
1410	96	8.455458556e-12
1411	93	2.213695893e-11
1412	84	-2.328093274e-11
1413	82	9.055867167e-12
1414	96	-3.5946357e-11
1415	118	-4.689582056e-12
1416	127	-1.868727395e-12
1417	110	-1.191580168e-11
1418	94	-1.667288529e-11
1419	96	9.539036228e-12
1420	85	7.497291676e-11
1421	79	8.391509709e-12
1422	92	4.341060844e-11
1423	87	-1.384847792e-11
1424	72	-4.083133831e-11
1425	109	-3.57118779e-11
1426	106	3.76871867e-11
1427	82	-4.013500643e-11
1428	108	1.241318159e-11
1429	132	5.652722734e-11
1430	144	8.937561802e-11
1431	124	1.85451654e-12
1432	121	4.117239882e-11
1433	107	4.551026223e-11
1434	82	-5.329070518e-14
1435	58	2.087929829e-11
1436	55	1.110933567e-11
1437	74	4.181544e-11
1438	45	4.98410202e-11
1439	38	5.62039304e-11
1440	50	1.165290087e-11
1442	44	4.856559599e-12
1443	38	-3.585043373e-11
1444	105	-2.555822221e-11
1445	151	3.065991905e-12
1446	79	1.29070088e-11
1447	60	-7.634781696e-12
1448	49	3.385380865e-11
1449	72	1.627142865e-12
1450	94	1.002220529e-11
1451	88	-1.481836875e-11
1452	79	-2.994227088e-11
1453	84	-8.309797295e-12
1454	61	-1.195132882e-11
1455	46	5.696421113e-11
1456	59	3.596056786e-11
1457	69	3.752376188e-11
1458	54	2.75051093e-11
1459	71	2.991029646e-11
1460	62	-4.289191224e-11
1461	40	-9.809042467e-12
1462	52	-1.776001568e-11
1463	113	-6.507860917e-11
1464	132	-1.320543674e-11
1465	88	1.28039801e-11
1466	48	4.175149115e-11
1467	58	2.563282919e-11
1468	45	-3.584688102e-12
1469	42	-1.727684662e-11
1470	55	1.614708367e-11
1471	69	1.008970685e-12
1472	101	-3.416289474e-11
1473	103	1.764988156e-11
1474	103	-2.876276994e-11
1475	102	-2.373212737e-12
1476	97	-2.531308496e-11
1477	93	8.358114201e-11
1478	87	-2.95301561e-11
1479	81	-5.261568958e-12
1480	68	3.664979431e-11
1481	57	2.521716169e-11
1482	67	-1.422151286e-11
1483	61	4.977707135e-11
1484	80	3.54276608e-11
1485	100	1.286437623e-11
1486	120	9.098499731e-12
1487	123	5.292832839e-11
1488	121	3.936051485e-11
1489	98	1.634248292e-11
1490	65	-1.204014666e-11
1491	120	-1.530864324e-11
1492	154	4.525446684e-11
1493	134	4.329336889e-11
1494	107	6.539124797e-11
1495	78	7.416289804e-11
1496	72	7.329958862e-11
1497	75	4.301980994e-11
1498	76	9.030998172e-12
1499	85	6.892264537e-12
1500	59	4.287770139e-11
1501	55	2.290079237e-11
1502	86	4.418510002e-11
1503	52	5.832845318e-11
1504	40	4.396838449e-11
1505	45	6.552625109e-11
1506	41	2.035349667e-11
1507	75	2.234656904e-12
1508	140	-5.169198403e-12
1509	77	-5.641709322e-12
1510	53	-1.705302566e-11
1511	61	2.097522156e-11
1512	43	6.72173428e-12
1513	32	6.924949503e-11
1514	81	6.684786058e-11
1515	126	4.974864964e-11
1516	110	5.663380875e-11
1517	68	-3.625189038e-11
1518	49	-6.835065847e-11
1519	58	4.450129154e-11
1520	55	2.066258276e-11
1521	46	-1.208277922e-11
1522	59	3.7658765e-13
1523	51	2.47766252e-11
1524	37	1.2519763e-11
1525	67	1.277555839e-11
1526	54	-1.855582354e-11
1527	44	5.087485988e-12
1528	77	1.894306934e-11
1529	72	1.120525894e-11
1530	43	4.12185841e-11
1531	60	-2.000888344e-11
1532	66	3.883116051e-12
1533	44	-1.298872121e-11
1534	47	-9.126921441e-12
1535	64	-9.002221191e-11
1536	64	7.712941397e-12
1537	91	-4.435563028e-11
1538	92	-2.864553039e-11
1539	80	-9.642064924e-12
1540	83	2.551914235e-11
1541	82	1.947242367e-11
1542	84	1.297451035e-11
1543	84	5.891465094e-11
1544	82	-1.081801315e-11
1545	100	-1.409716788e-11
1546	105	-5.566036521e-11
1547	101	8.344613889e-11
1548	95	3.534239568e-11
1549	102	3.447908625e-11
1550	97	2.204458838e-11
1551	51	3.215561151e-11
1552	43	5.333333775e-11
1553	58	7.208456054e-12
1554	99	-4.652278562e-11
1555	150	-5.645262036e-12
1556	108	2.366462581e-11
1557	76	4.003908316e-12
1558	63	3.322853104e-11
1559	67	4.439826284e-11
1560	67	1.507771685e-11
1561	88	-3.385736136e-12
1562	95	-2.139088906e-11
1563	102	5.279332527e-12
1564	96	1.973177177e-11
1565	52	-3.478817234e-11
1566	66	-2.284394895e-11
1567	89	4.173372758e-11
1568	63	2.1763924e-11
1569	48	1.180211484e-11
1570	71	3.707256724e-11
1571	141	-2.108535568e-11
1572	87	2.149391776e-12
1573	38	-9.659828493e-12
1574	37	4.892797278e-11
1575	53	1.419309115e-11
1576	52	-2.273736754e-13
1577	39	2.704325652e-11
1578	51	-1.605826583e-12
1579	148	-1.638156277e-11
1580	135	2.488675932e-11
1581	40	-3.492672818e-11
1582	36	1.247002501e-11
1583	63	1.856648169e-11
1584	57	-2.119904252e-11
1585	46	4.24655866e-11
1586	46	3.729283549e-11
1587	48	9.563905223e-12
1588	38	-8.547829111e-12
1589	42	4.019540256e-11
1590	39	-1.90638616e-11
1591	45	-2.12452278e-11
1592	58	-5.352518428e-11
1593	45	-6.501821304e-11
1594	49	-1.784172809e-11
1595	68	-2.534150667e-11
1596	90	1.773514668e-11
1597	74	5.348255172e-11
1598	49	-3.466738008e-11
1599	76	-3.409539318e-11
1600	42	-6.366107641e-11
1601	45	-4.746425475e-12
1602	58	-5.31130695e-12
1603	64	-1.233146918e-11
1604	63	2.113509368e-11
1605	68	-1.705302566e-11
1606	76	3.040412366e-11
1607	77	1.338662514e-11
1608	86	2.069810989e-11
1609	106	-6.934897101e-12
1610	102	1.203304123e-11
1611	89	-1.796252036e-11
1612	82	3.047517794e-11
1613	72	-1.500666258e-11
1614	53	-1.195843424e-11
1615	52	9.496403663e-12
1616	68	-3.693045869e-11
1617	87	2.110667197e-11
1618	77	-1.390176863e-11
1619	78	4.393996278e-11
1620	66	2.432898327e-11
1621	72	3.55555585e-11
1622	86	1.334754529e-11
1623	94	1.812594519e-11
1624	75	4.844125101e-11
1625	88	6.185629786e-11
1626	119	-7.467804153e-12
1627	91	3.56337182e-12
1628	88	3.169375873e-11
1629	93	2.549427336e-11
1630	69	2.223643492e-11
1631	83	1.253752657e-11
1632	94	1.825384288e-11
1633	85	7.416645076e-11
1634	86	2.640732077e-11
1635	89	2.689404255e-11
1636	51	-3.783284797e-11
1637	56	-3.797850923e-12
1638	56	-1.705302566e-11
1639	78	-2.278000011e-11
1640	71	8.075318192e-12
1641	55	3.49587026e-12
1642	41	6.976819122e-11
1643	126	4.657607633e-11
1644	120	4.012434829e-11
1645	52	4.949995969e-11
1646	46	-9.286793556e-12
1647	58	-1.05927711e-10
1648	60	1.053734877e-11
1649	55	-3.346656285e-11
1650	51	8.736122936e-12
1651	42	1.785949166e-11
1652	45	-3.402078619e-11
1653	40	-1.309174991e-11
1654	49	-3.325340003e-12
1655	55	-2.522426712e-11
1656	62	-2.381028708e-11
1657	69	5.403677505e-12
1658	63	-3.996447617e-11
1659	52	-2.912514674e-11
1660	37	8.910205906e-12
1661	50	1.92983407e-11
1662	98	1.837818786e-11
1663	115	2.039968194e-11
1664	57	-5.669420489e-11
1665	50	-5.848477258e-11
1666	37	-5.034905826e-11
1670	35	2.878408623e-11
1671	46	1.233502189e-11
1672	58	3.413447303e-11
1673	55	5.76321213e-11
1674	55	3.301892093e-11
1675	78	-7.322853435e-11
1676	81	7.688072401e-12
1677	99	1.04662945e-11
1678	96	1.341504685e-11
1679	94	2.549072065e-11
1680	125	3.700506568e-11
1681	105	-2.988898018e-11
1682	89	8.924416761e-12
1683	88	-9.130118883e-11
1684	96	-1.316635689e-11
1685	103	-3.808153792e-11
1686	84	1.598721155e-12
1687	84	4.623856853e-11
1688	85	3.62838648e-11
1689	80	5.540812253e-11
1690	81	-4.86721774e-13
1691	69	5.670131031e-11
1692	90	6.799893981e-12
1693	105	2.202682481e-11
1694	78	-3.195310683e-11
1695	91	-1.939781669e-11
1696	86	1.058708676e-12
1697	77	-2.091482543e-11
1698	75	3.817746119e-11
1699	81	4.614619797e-11
1700	85	7.402434221e-11
1701	83	4.831690603e-11
1702	84	2.111022468e-11
1703	75	-2.465583293e-12
1704	53	4.907718676e-11
1705	38	-1.858779797e-11
1706	37	2.293631951e-11
1707	70	-4.398259534e-12
1708	95	-5.432099215e-12
1709	60	3.328892717e-12
1710	50	-1.071143174e-11
1711	50	-9.091394304e-12
1712	49	-2.761169071e-11
1713	53	-7.810641023e-11
1714	70	-7.762679388e-12
1715	57	6.824762977e-12
1716	61	2.169997515e-11
1717	60	2.305000635e-11
1718	47	3.489120104e-11
1719	43	-5.050182494e-11
1722	53	-1.033839681e-11
1723	59	-2.604849669e-11
1724	40	-3.45181661e-11
1725	40	-4.572342505e-12
1726	74	5.464073638e-12
1727	80	6.793854368e-11
1728	37	-1.933742055e-11
1729	36	-1.336175615e-11
1730	33	-9.963585512e-11
1735	31	2.998845616e-11
1736	35	1.565680918e-11
1737	37	9.364953257e-12
1738	39	-3.423394901e-11
1739	60	5.709210882e-12
1740	58	1.804778549e-12
1741	74	-4.484945748e-11
1742	82	4.902744877e-13
1743	97	2.960121037e-11
1744	102	7.021583315e-11
1745	116	-1.97140082e-11
1746	130	9.883649454e-12
1747	112	6.096456673e-12
1748	114	9.983125437e-12
1749	94	1.79980475e-11
1750	73	4.581224289e-11
1751	74	3.813838134e-11
1752	102	3.684164085e-11
1753	127	1.476863076e-11
1754	78	3.865352483e-11
1755	49	4.532552111e-11
1756	86	4.694555855e-11
1757	95	7.254641332e-12
1758	80	-2.380318165e-12
1759	87	-8.043343769e-12
1760	64	3.954170325e-12
1761	62	-1.5063506e-12
1762	89	2.122746423e-11
1763	94	8.980194366e-11
1764	107	2.352962269e-11
1765	57	2.692246426e-11
1766	55	5.328004704e-11
1767	69	-1.208633194e-11
1768	71	-3.057820663e-11
1769	60	-4.964562095e-11
1770	66	2.13233875e-11
1771	85	1.806910177e-11
1772	73	3.952749239e-11
1773	55	8.562039966e-12
1774	72	8.473222124e-12
1775	77	1.349675927e-11
1776	43	-4.313704949e-11
1777	59	2.036415481e-11
1778	76	-1.649880232e-11
1779	54	-9.308109838e-12
1780	51	-8.931522189e-12
1781	62	4.152411748e-11
1782	51	3.758771072e-12
1783	31	5.658762348e-11
1787	47	-1.286437623e-11
1788	73	2.938449484e-11
1789	73	-2.793498766e-11
1790	59	1.277200568e-11
1791	73	2.938449484e-11
1794	32	1.712052722e-11
1795	31	-2.279065825e-11
1796	35	-7.138822866e-11
1797	55	-7.617018127e-12
1798	72	3.396394277e-12
1799	48	1.393729576e-11
1803	31	1.746514044e-11
1804	51	-3.200639753e-11
1805	67	8.313350008e-13
1806	57	-2.14797069e-11
1807	65	3.569766704e-11
1808	70	3.660360903e-11
1809	72	2.745537131e-11
1810	85	4.469313808e-11
1811	85	2.360422968e-11
1812	79	-3.744560217e-11
1813	75	5.123013125e-12
1814	86	-9.269029988e-12
1815	111	4.07247569e-11
1816	117	2.559374934e-11
1817	76	2.022204626e-11
1818	70	1.238120717e-11
1819	93	2.166444801e-11
1820	109	3.264233328e-11
1821	101	2.349764827e-11
1822	73	-3.851141628e-12
1823	88	1.459454779e-11
1824	74	2.597388971e-11
1825	78	1.417177486e-11
1826	79	4.058975378e-11
1827	69	3.667111059e-11
1828	80	5.42570433e-11
1829	65	3.903011248e-11
1830	67	7.039702155e-11
1831	48	-1.852384912e-11
1832	56	3.01803027e-11
1833	58	-2.707167823e-12
1834	51	-1.661959459e-11
1835	41	7.034373084e-13
1836	77	2.587086101e-11
1837	95	1.575273245e-11
1838	69	2.043876179e-11
1839	60	-5.517009072e-11
1840	62	-1.222488777e-11
1841	41	6.92423896e-12
1842	49	-3.266720228e-11
1843	63	-1.065814104e-12
1845	35	1.097077984e-11
1846	65	-4.466471637e-11
1847	76	-5.272227099e-12
1848	95	-4.753530902e-12
1849	96	6.500044947e-11
1850	71	-4.870059911e-11
1851	59	-3.780087354e-12
1852	87	4.041567081e-11
1853	88	1.88045135e-11
1854	94	1.441335939e-11
1855	86	4.466116366e-11
1856	47	4.116174068e-11
1858	46	3.937117299e-11
1859	62	-6.084377446e-11
1860	64	1.672262329e-11
1861	65	-7.947420499e-11
1862	76	3.669597959e-11
1863	65	-1.143973805e-11
1864	40	2.722089221e-11
1865	39	5.099565215e-11
1866	38	2.167155344e-11
1867	32	2.233235818e-11
1868	40	7.476330666e-11
1869	48	-1.83355553e-11
1870	38	-5.62039304e-11
1871	39	3.265299142e-11
1872	52	-3.017319727e-11
1873	48	5.234923606e-11
1874	44	5.663025604e-11
1875	59	4.745714932e-11
1876	64	1.717204157e-11
1877	69	4.954259225e-12
1878	94	-2.492228646e-12
1879	105	3.772981927e-11
1880	78	3.714717423e-11
1881	67	2.252420472e-12
1882	100	-3.034017482e-12
1883	125	4.222755479e-11
1884	131	6.185274515e-12
1885	110	1.059419219e-11
1886	89	2.914113395e-11
1887	91	1.862865417e-11
1888	79	5.278977255e-11
1889	82	2.782307718e-11
1890	72	5.96855898e-13
1891	57	7.153388992e-11
1892	73	5.624478661e-11
1893	94	1.992717102e-11
1894	85	3.343281207e-11
1895	83	3.882405508e-11
1896	86	4.521183428e-11
1897	72	7.775113886e-12
1898	61	5.69571057e-11
1899	58	-4.375166895e-11
1900	42	-2.055244863e-12
1901	61	3.339550858e-13
1902	53	2.875921723e-12
1903	45	-6.876987868e-11
1904	52	-8.132161611e-12
1905	49	-5.998757047e-11
1906	57	-2.025046797e-11
1907	76	-3.245936853e-11
1908	91	-4.938272014e-13
1909	94	2.586197922e-11
1910	121	1.150368689e-11
1911	106	2.979305691e-11
1912	102	1.9648283e-11
1913	96	-5.24380539e-12
1914	77	-7.32303107e-11
1915	66	-9.84101689e-13
1916	78	-4.197708847e-11
1917	105	-5.467448716e-11
1918	117	-7.118572398e-11
1919	98	6.242117934e-12
1920	70	-3.218758593e-12
1921	72	-5.095479594e-11
1922	77	4.966338452e-11
1923	72	3.869438103e-11
1924	73	3.637623536e-11
1925	63	-1.720401599e-11
1926	52	-6.302158795e-11
1927	58	-2.940225841e-11
1928	59	-5.211830967e-12
1929	64	-1.625899415e-11
1930	47	4.398259534e-12
1931	38	-4.688871513e-11
1932	36	2.989963832e-11
1933	35	-3.958433581e-11
1934	49	5.346834087e-11
1935	45	4.535927189e-11
1936	43	2.640021535e-11
1937	51	5.187317242e-11
1938	34	3.810285421e-11
1939	44	6.223110915e-11
1940	59	4.002309595e-11
1941	57	2.983391312e-11
1942	64	-4.648192942e-11
1943	75	8.157030607e-12
1944	115	2.345679206e-11
1945	122	1.993427645e-11
1946	120	-2.068212268e-11
1947	93	5.252687174e-11
1948	60	1.863220689e-11
1949	40	1.02975406e-11
1950	41	4.574651769e-11
1951	41	1.177546949e-11
1952	52	-1.461941679e-11
1953	55	-5.354294785e-11
1954	64	5.842260009e-11
1955	77	5.060840635e-12
1956	96	3.824673911e-11
1957	110	5.82698334e-11
1958	93	4.012434829e-11
1959	78	-8.336442647e-12
1960	76	-4.097522321e-11
1961	62	-4.584244095e-11
1962	61	-2.443201197e-11
1963	60	-8.363088e-12
1964	63	-6.037836897e-12
1965	65	2.458833137e-11
1966	43	-8.810729923e-13
1967	44	5.314149121e-11
1968	39	-2.19984031e-11
1969	76	-1.596589527e-11
1970	111	-4.625455574e-11
1971	116	-5.722178287e-11
1972	100	-1.676347949e-11
1973	112	-3.817390848e-11
1974	145	3.233324719e-11
1975	128	-4.408917675e-11
1976	59	-3.01145775e-11
1977	73	-2.529709775e-11
1978	83	4.268407849e-11
1979	114	-5.264233494e-11
1980	129	-3.456790409e-11
1981	128	-3.061373377e-11
1982	82	-1.231725832e-11
1983	48	-2.167688251e-11
1984	32	1.321431853e-11
1985	65	-1.97140082e-11
1986	93	-2.680877742e-11
1987	88	8.157030607e-12
1988	78	-1.935696048e-11
1989	58	-1.765698698e-11
1990	53	3.266720228e-11
1991	49	-5.736389141e-11
1992	53	4.69313477e-12
1993	58	4.18935997e-11
1994	60	5.337952302e-12
1995	51	4.328271075e-11
1996	44	-1.223021684e-11
1997	46	-5.792699653e-12
1998	49	-7.265299473e-12
1999	43	-2.78426171e-11
2001	32	3.154099204e-11
2005	43	2.181899106e-11
2006	61	6.637002059e-11
2007	81	-4.168754231e-11
2008	71	-2.244782138e-11
2009	47	1.795719129e-11
2010	41	3.005418137e-11
2011	38	4.508216023e-11
2012	56	6.248690454e-11
2013	47	4.541789167e-11
2015	31	2.661693088e-11
2016	30	-6.272316e-12
2017	33	6.310330036e-11
2018	45	-1.45572443e-11
2019	48	-6.65920652e-11
2020	60	3.818101391e-11
2021	108	1.937472405e-11
2022	46	4.262723508e-11
2024	47	2.444977554e-11
2025	48	2.881961336e-11
2026	55	1.086419843e-11
2027	67	-2.008704314e-11
2028	49	-2.98427949e-12
2029	30	5.893951993e-12
2030	72	-7.092282317e-11
2031	96	-1.034727859e-11
2032	109	1.484856682e-11
2033	136	-2.823874468e-11
2034	113	-8.131451068e-11
2035	89	-6.655298534e-11
2036	113	-4.737188419e-11
2037	137	5.080380561e-13
2038	113	-5.978506579e-11
2039	97	3.881162058e-11
2040	80	-1.367617131e-11
2041	48	-6.395950436e-11
2042	84	-2.479794148e-12
2043	97	-5.024780592e-11
2044	102	-1.187672183e-11
2045	109	-4.976818957e-11
2046	57	-3.367617296e-11
2047	40	-6.757083781e-11
2048	36	1.954347795e-11
2050	50	4.312106228e-11
2051	69	-7.26707583e-12
2052	58	-4.71658268e-11
2053	61	2.294520129e-11
2054	58	1.747757494e-11
2055	52	2.20641283e-11
2056	49	2.000177801e-12
2057	52	5.799094538e-11
2058	57	-8.473222124e-12
2059	48	5.85291815e-11
2061	30	6.121325669e-11
2062	44	5.959677196e-12
2068	45	-1.037214759e-11
2069	87	2.020783541e-11
2070	80	3.876543531e-11
2071	50	-3.893241285e-11
2072	40	7.195843921e-11
2073	31	-6.444622613e-12
2075	39	7.155165349e-12
2076	63	4.821743005e-11
2077	60	1.151789775e-11
2078	59	5.038280904e-11
2079	38	-4.899014527e-11
2080	31	8.377298855e-11
2081	38	-1.521627269e-11
2082	36	-2.229327833e-11
2083	35	1.332622901e-11
2084	39	1.266720062e-11
2085	82	3.375077995e-12
2086	51	1.549338435e-11
2087	41	4.328271075e-11
2088	49	9.713119198e-12
2089	54	1.559641305e-12
2090	93	-8.906653193e-11
2091	70	-2.559374934e-11
2092	69	-4.790834396e-12
2093	59	-5.201528097e-11
2094	86	-5.671374481e-11
2095	121	1.270450412e-11
2096	126	2.89457347e-11
2097	112	5.181632901e-12
2098	101	1.44009249e-11
2099	112	-2.140509991e-11
2100	132	-6.238387584e-11
2101	102	-1.910116509e-11
2102	89	-7.247535905e-13
2103	84	-1.82325266e-11
2104	86	-2.344080485e-11
2105	66	-1.625366508e-12
2106	81	-3.471001264e-11
2107	89	-2.416200573e-11
2108	103	-1.752376022e-11
2109	85	-5.179501272e-11
2110	65	-5.784350776e-11
2111	82	-4.664357789e-11
2113	40	-4.283506883e-11
2114	49	6.20605789e-11
2115	57	-9.496403663e-12
2116	56	4.004618859e-11
2117	47	-8.080647262e-12
2118	47	2.767563956e-12
2119	60	3.454836417e-11
2120	52	4.980904578e-12
2121	53	2.049027614e-11
2122	76	1.491429202e-11
2123	61	-8.366640714e-13
2126	43	-1.015720841e-11
2130	46	1.603162048e-11
2131	80	9.914558063e-11
2132	86	4.061107006e-11
2133	78	-5.195843755e-12
2134	61	4.097699957e-11
2135	40	3.440447927e-11
2136	38	1.61950453e-11
2137	43	-6.016165344e-11
2138	31	2.192912518e-11
2139	37	-2.130740029e-11
2140	41	-1.702638031e-11
2141	46	5.63069591e-11
2142	57	5.580247375e-11
2143	77	4.256150987e-11
2144	55	3.175415486e-11
2145	36	8.698819443e-12
2146	37	1.756284007e-11
2147	36	1.958966322e-11
2148	36	-8.213341118e-11
2149	40	3.215205879e-13
2150	38	-1.212185907e-11
2151	59	1.799627114e-11
2152	46	5.536548997e-11
2153	36	2.370548202e-11
2154	64	3.902833612e-11
2155	85	-1.428013263e-11
2156	87	-2.036948388e-11
2157	95	-4.303402079e-11
2158	75	-6.860290114e-12
2159	110	-5.104361378e-11
2160	115	-6.727862711e-11
2161	92	-5.343281373e-12
2162	92	1.816413686e-11
2163	98	-1.428723806e-11
2164	84	-4.475264603e-11
2165	92	-3.04520853e-11
2166	118	-1.376587733e-11
2167	129	-4.455991132e-11
2168	136	-1.864730592e-11
2169	154	1.566746732e-12
2170	141	-4.497824335e-11
2171	136	-6.444711431e-11
2172	114	-4.393463371e-11
2173	64	-1.941291572e-11
2174	83	-2.142108713e-11
2175	72	-6.009504006e-11
2176	63	-5.056666197e-11
2177	71	5.911715562e-11
2178	65	-5.328448793e-11
2179	60	3.567368623e-11
2180	53	-4.884981308e-14
2181	52	1.674571593e-11
2182	53	-2.362110507e-11
2183	50	-1.770672498e-11
2184	52	-1.579092412e-11
2185	47	7.121414569e-12
2186	44	4.551914401e-11
2187	49	-1.527489246e-11
2188	55	2.512390296e-11
2189	53	2.536193477e-11
2190	34	6.546674314e-11
2191	36	2.258726539e-11
2192	52	-6.703970712e-12
2193	71	-4.970779344e-11
2194	95	1.162447916e-11
2195	63	-3.357225609e-11
2196	47	-2.275690747e-11
2197	46	2.206945737e-11
2198	47	-7.192468843e-12
2199	57	1.981170783e-11
2200	54	9.000800105e-12
2202	48	8.224532166e-13
2203	65	-9.20845622e-11
2204	62	1.708588826e-11
2205	42	-1.404298899e-11
2207	59	4.44577708e-11
2208	102	1.535926941e-11
2209	61	-1.592148635e-11
2210	40	3.013767014e-11
2211	37	1.27009514e-12
2212	40	1.544542272e-12
2213	44	8.830269849e-11
2214	39	-8.492140324e-11
2215	31	4.778399898e-13
2218	46	-1.050626253e-11
2219	43	2.154809664e-11
2223	47	-1.71871406e-11
2224	63	1.03836939e-11
2225	102	-7.911715727e-11
2226	122	-1.683808648e-11
2227	111	-6.861000656e-11
2228	86	4.540723353e-11
2229	142	-5.681766169e-11
2230	163	-6.921307971e-11
2231	146	-1.227933311e-10
2232	149	-9.783551747e-11
2233	140	-7.866152174e-11
2234	122	-9.304557125e-12
2235	110	-1.104893954e-11
2236	127	-4.817479748e-12
2237	148	-1.18302701e-10
2238	97	-4.078692939e-11
2239	58	-1.063060751e-11
2240	76	-4.400657616e-11
2241	70	-2.816413769e-12
2242	66	-7.073452934e-11
2243	55	1.012168127e-11
2244	56	-1.129674132e-11
2245	56	4.688072153e-11
2246	51	3.069278165e-11
2247	36	-1.408118067e-11
2248	46	-4.16591206e-11
2249	30	5.144773496e-11
2252	37	-1.548983164e-11
2254	60	-1.205968658e-11
2255	98	2.085620565e-11
2256	96	5.112887891e-11
2257	86	-1.606625943e-11
2258	70	3.337508048e-11
2259	53	-1.667377347e-11
2260	49	-6.929568031e-12
2261	44	-1.783284631e-11
2262	44	3.653433112e-11
2263	60	-4.854960878e-11
2264	45	-6.359357485e-13
2265	50	-2.628830487e-11
2266	68	3.651301483e-11
2267	56	-1.99156247e-11
2268	55	3.766764678e-12
2269	53	2.921218822e-12
2270	62	-5.41788836e-12
2271	57	-7.045919403e-12
2272	53	3.540279181e-12
2273	42	1.218491974e-11
2274	42	-3.774047741e-11
2275	46	-1.859135068e-11
2276	39	1.157829388e-11
2277	47	-2.515321285e-11
2278	50	-1.866951038e-12
2279	35	-1.696864871e-11
2280	37	-2.582734027e-11
2281	41	-1.708233555e-11
2282	64	-5.883649123e-11
2285	34	-2.478728334e-11
2286	41	-1.142046457e-10
2287	43	-2.268096821e-11
2288	84	6.070699499e-12
2289	130	-2.608357974e-11
2290	115	-3.443645369e-11
2291	100	-1.791011783e-12
2292	85	-1.563860152e-11
2293	98	-1.013122919e-10
2294	91	-5.352784882e-11
2295	113	-9.122969047e-11
2296	133	-3.032907259e-11
2297	109	-6.718181567e-11
2298	86	-2.054578729e-11
2299	97	3.937294935e-12
2300	110	2.775957242e-11
2301	96	-3.31930039e-11
2302	83	-3.655653558e-11
2303	88	1.448619003e-12
2304	60	-1.855404719e-11
2305	60	-2.547029254e-11
2306	56	-1.753752699e-11
2307	51	8.022915665e-12
2308	46	-6.527134389e-11
2315	36	-4.013678279e-12
2316	76	4.072298054e-11
2317	104	-1.929478799e-11
2318	119	3.857181241e-11
2319	106	2.429567658e-11
2320	81	7.302158878e-12
2321	62	2.319255898e-11
2322	55	1.997380039e-11
2323	54	-9.84101689e-13
2324	53	-3.873079635e-11
2325	52	2.236788532e-11
2326	48	2.037969793e-11
2327	48	-2.346300931e-11
2328	58	-1.8602897e-12
2329	63	-5.647926571e-12
2330	45	6.577849376e-12
2331	33	5.505063072e-11
2332	41	-1.265210159e-11
2333	46	6.235811867e-11
2334	40	1.671285332e-11
2335	37	1.268762873e-11
2339	40	3.070255161e-11
2340	42	-5.535039094e-11
2341	57	-4.29638547e-11
2342	43	-2.576605596e-11
2344	67	-7.994671591e-11
2345	35	-3.871392096e-11
2346	31	-3.354649891e-11
2348	47	5.500488953e-12
2349	60	-4.02060607e-11
2350	101	-1.276756478e-11
2351	114	-4.774936002e-11
2352	118	-7.232880961e-11
2353	86	-5.988010088e-11
2354	70	-2.023536894e-11
2355	68	-9.931611089e-12
2356	74	-7.071854213e-11
2357	67	-6.451195134e-11
2358	63	-2.785593978e-11
2359	60	-1.255440196e-11
2360	104	-2.292921408e-11
2361	118	3.260947068e-11
2362	112	-6.045564049e-11
2363	101	6.456790658e-11
2364	74	1.847233477e-11
2365	71	5.379696688e-12
2366	91	2.902300622e-11
2367	107	9.399592216e-12
2368	45	-7.023626125e-11
2369	44	-2.929390064e-11
2370	50	-3.457678588e-12
2371	60	-7.018385872e-11
2372	41	-1.320277221e-11
2373	38	-9.696243808e-12
2374	48	-3.114219993e-11
2375	49	-1.522870718e-11
2376	36	2.809663613e-11
2377	53	4.113509533e-11
2378	96	3.124611681e-11
2379	123	-1.568878361e-11
2380	127	-1.37383438e-11
2381	108	6.256328788e-12
2382	76	3.938449566e-11
2383	51	4.481037763e-11
2384	46	1.26476607e-12
2385	46	-2.46158649e-11
2386	47	5.12443421e-11
2387	49	-3.174172036e-11
2388	49	1.086863932e-11
2389	54	-6.784528495e-11
2390	66	7.016609516e-12
2391	53	1.027444796e-11
2392	46	-1.750866119e-11
2393	60	7.90993937e-11
2394	66	1.154720763e-11
2395	53	1.378008818e-11
2401	55	9.539036228e-12
2402	58	8.384404282e-12
2403	67	-7.08144654e-12
2404	86	1.874056466e-12
2405	39	4.325517722e-11
2407	41	-3.694555772e-11
2408	52	2.64019917e-11
2410	33	3.544631255e-11
2411	62	-2.393196752e-11
2412	62	2.280842182e-12
2413	61	-3.502265145e-11
2414	58	-1.303757102e-11
2415	60	-5.797939906e-11
2416	82	-9.515499499e-11
2417	86	-9.869971507e-11
2418	60	-6.095657312e-11
2419	62	-4.552802579e-12
2420	73	1.609556932e-11
2421	70	-4.505551487e-11
2422	66	-2.261391074e-11
2423	63	1.501199165e-11
2424	57	1.1310064e-11
2425	98	2.200462035e-11
2426	97	-3.624656131e-11
2427	68	5.603961739e-12
2428	71	-1.27382549e-11
2429	79	4.31077396e-11
2430	105	4.494182804e-12
2431	102	1.050004528e-11
2432	35	-7.33990646e-12
2433	35	2.955591327e-11
2434	47	-7.385914103e-11
2435	44	4.139311116e-11
2436	47	-7.731282281e-11
2437	42	-4.92565988e-11
2438	33	4.995248659e-11
2439	54	1.432143293e-11
2440	74	7.052181061e-11
2441	128	-1.471622824e-11
2442	134	7.348033293e-11
2443	114	-4.281242028e-11
2444	91	1.070254996e-13
2445	76	-5.491829214e-11
2446	47	-4.639399975e-12
2447	36	4.87831997e-12
2448	39	-1.70472525e-11
2449	42	-4.61453098e-12
2450	43	3.271427573e-11
2451	45	1.916111714e-11
2452	52	-7.314149286e-12
2453	59	4.189804059e-11
2454	45	-2.255573506e-11
2455	35	5.152944738e-11
2456	32	2.703970381e-11
2457	64	5.716760398e-11
2458	59	3.030065088e-11
2459	63	1.731859101e-11
2460	68	3.501821055e-11
2461	47	-5.992939478e-11
2462	32	-5.621547672e-11
2465	52	-4.357669781e-11
2466	60	-2.397237964e-11
2467	48	9.034550885e-12
2468	77	9.402256751e-12
2471	32	-5.034639372e-11
2473	32	-3.632294465e-11
2474	58	-1.490452206e-11
2475	57	-6.65343336e-11
2476	46	-3.764899503e-11
2477	34	-4.227729278e-11
2478	38	1.91997529e-11
2479	31	-4.928191188e-11
2480	31	-2.036371072e-11
2481	83	-1.164748298e-10
2482	100	-6.713563039e-11
2483	70	-8.690825837e-13
2484	66	5.515587986e-13
2485	73	2.428501844e-11
2486	71	-1.80389037e-12
2487	68	-3.650413305e-13
2488	60	-3.177191843e-11
2489	56	-4.998756964e-11
2490	66	4.94004837e-12
2491	69	1.009770045e-11
2492	60	-3.965761053e-11
2493	94	-1.862066057e-12
2494	94	-5.920863799e-11
2495	77	3.114308811e-11
2496	53	-3.587352637e-12
2497	45	4.236611062e-13
2498	52	-2.71058731e-11
2499	56	2.868993931e-11
2501	33	3.757527622e-11
2502	90	2.082334305e-12
2503	129	1.344258038e-12
2504	128	-2.145217337e-11
2505	118	-1.28204114e-11
2506	109	1.844835396e-11
2507	105	1.662892046e-11
2508	83	-3.828048989e-11
2509	50	-8.435563359e-11
2510	41	-2.304822999e-13
2511	44	-1.481836875e-11
2512	43	9.665201972e-11
2513	40	3.547384608e-12
2514	51	1.38822287e-11
2515	57	5.520117696e-11
2516	43	1.455369159e-11
2517	35	-1.49480428e-11
2518	34	-2.539657373e-11
2519	31	-8.704148513e-12
2520	33	-3.496136713e-11
2521	73	3.138111992e-11
2522	48	-1.71418435e-13
2523	41	1.004805128e-10
2524	56	-2.570477164e-11
2525	60	-4.041034174e-11
2526	60	9.769962617e-12
2527	56	-8.935963081e-12
2528	38	-5.40021361e-11
2529	50	1.373567926e-11
2530	37	5.814193571e-11
2532	49	2.845013114e-11
2533	36	-3.080025124e-11
2536	40	-1.003188643e-10
2537	41	-2.030198232e-11
2541	34	-1.536637484e-11
2542	44	-6.680345166e-11
2545	73	2.54800625e-11
2546	92	-5.578382201e-11
2547	92	-2.112798825e-11
2548	76	-6.693579024e-11
2549	62	2.931521692e-11
2550	67	4.525713138e-11
2551	59	-2.343014671e-12
2552	61	-2.336353333e-11
2553	59	-3.443734187e-11
2554	57	5.679900994e-12
2555	66	-4.989519908e-11
2556	67	-1.901412361e-11
2557	100	-2.061195659e-11
2558	66	-8.844924793e-11
2559	69	-1.818989404e-11
2560	34	2.628652851e-11
2561	63	-3.71027653e-11
2562	74	3.386890768e-11
2563	54	6.878941861e-12
2564	86	-2.901590079e-11
2565	141	-1.190159082e-13
2566	136	6.384226481e-12
2567	113	-3.161737538e-11
2568	108	4.727773728e-12
2569	114	1.409983241e-11
2570	124	2.052313874e-11
2571	100	-1.271072136e-11
2572	59	-1.998401444e-11
2573	37	1.650857229e-11
2574	38	-1.795541493e-11
2575	37	-4.641975693e-11
2576	41	-1.330935362e-11
2577	50	7.839862093e-11
2578	54	2.704148017e-11
2579	41	3.966871276e-11
2580	33	-2.003730515e-11
2581	32	5.729283714e-11
2584	59	2.270983401e-11
2585	57	2.984545944e-11
2586	37	-1.255973103e-11
2587	36	3.419398098e-11
2588	40	-5.127454017e-12
2589	47	6.312106393e-11
2590	30	1.194333521e-11
2591	33	-6.760814131e-11
2592	46	1.098676705e-12
2593	74	-4.382627594e-11
2594	54	-3.555289396e-11
2595	34	-1.044764275e-11
2596	39	-2.220978956e-11
2597	33	-5.223910193e-11
2600	31	-3.456523956e-11
2602	38	-1.015481033e-10
2603	52	-1.15694121e-10
2604	36	1.220445967e-11
2608	36	-2.346478567e-11
2609	61	2.077893413e-11
2610	60	-6.851852419e-11
2611	56	-4.990408087e-11
2612	81	1.603961408e-11
2613	67	1.751043754e-11
2614	51	-6.140421505e-11
2615	62	-2.763389517e-11
2616	58	3.659472725e-11
2617	61	-3.359801326e-11
2618	88	-3.574296414e-11
2619	60	-7.537348523e-11
2620	113	1.186517551e-11
2621	117	-2.643574248e-11
2622	80	-1.269917504e-11
2623	69	-4.685407617e-11
2624	58	1.340794142e-11
2625	80	3.806732707e-12
2626	84	-3.931166503e-11
2627	139	1.715694253e-11
2628	170	6.791101015e-11
2629	130	-3.92841315e-11
2630	101	-4.29389857e-11
2631	109	2.952038614e-11
2632	104	-1.006483785e-11
2633	120	-6.348699344e-12
2634	107	-7.522693579e-11
2635	58	5.382272406e-11
2636	39	2.823608014e-11
2637	40	-4.825118083e-11
2638	38	8.53717097e-12
2639	42	-2.101607777e-11
2640	53	3.808153792e-11
2641	41	-3.572964147e-11
2642	34	6.829736776e-11
2643	33	3.955769046e-11
2644	33	-1.288036344e-11
2647	44	6.962785903e-11
2648	74	3.042543995e-11
2649	42	-5.192823949e-11
2650	37	-9.812595181e-12
2651	38	1.071516209e-10
2652	49	-3.498534795e-11
2653	52	9.777600951e-11
2654	47	-3.171507501e-11
2655	32	1.180033848e-11
2656	50	-1.09551479e-10
2658	33	5.998757047e-11
2663	51	5.212186238e-11
2664	78	-8.54623039e-11
2665	99	-5.522693414e-12
2666	119	-5.265299308e-11
2667	120	-4.151168298e-11
2668	103	3.588240816e-12
2669	75	-3.648992219e-11
2670	54	-2.14797069e-11
2671	41	-2.925304443e-11
2674	47	-3.08020276e-12
2675	88	-5.13349363e-11
2676	123	2.041922187e-11
2677	108	-4.181899271e-11
2678	80	-1.768363234e-11
2679	89	-6.058797908e-11
2680	105	-2.094324714e-11
2681	113	3.712585794e-13
2682	100	-2.169286972e-11
2683	99	5.248068646e-11
2684	148	-8.699707621e-11
2685	108	2.609290561e-11
2686	81	-1.189626175e-11
2687	73	1.31594291e-10
2688	105	5.992006891e-11
2689	100	-2.134648014e-11
2690	150	-1.073416911e-10
2691	147	2.19735341e-11
2692	122	8.242295735e-12
2693	107	1.078959144e-11
2694	116	-1.931255156e-11
2695	110	-1.888800227e-11
2696	118	-1.887201506e-11
2697	100	4.591527158e-11
2698	73	8.109424243e-11
2699	53	-3.068301169e-11
2700	39	1.417888029e-11
2701	39	6.456346568e-11
2702	50	7.920597511e-11
2703	53	4.336797588e-11
2704	35	-2.842348579e-11
2705	35	-8.6149754e-11
2706	34	7.901768129e-11
2707	32	7.427480853e-11
2708	31	4.145661592e-11
2711	74	3.369748924e-12
2712	68	4.471623072e-11
2713	45	5.213962595e-11
2714	41	2.543032451e-11
2715	50	-1.048583442e-11
2716	58	-4.105160656e-11
2717	34	1.141984285e-10
2718	46	7.723599538e-11
2719	67	4.432543221e-11
2725	56	4.552269672e-11
2726	94	-1.688604812e-11
2727	110	-2.913225217e-13
2728	129	-1.170974429e-11
2729	139	-3.505107316e-11
2730	133	7.608136343e-12
2731	131	-5.199041198e-11
2732	140	-7.105427358e-12
2733	145	8.613021407e-11
2734	133	-1.361222246e-11
2735	116	2.266631327e-12
2736	106	2.25046648e-11
2737	125	-6.128431096e-12
2738	131	3.264233328e-11
2739	138	-1.495834567e-10
2740	133	-3.383249236e-11
2741	131	-4.928679687e-11
2742	134	-1.784528081e-11
2743	145	-5.521272328e-11
2744	144	5.026024041e-11
2745	139	4.282441068e-11
2746	143	-2.48423504e-11
2747	146	4.654587826e-11
2748	86	-1.612221467e-11
2749	86	-3.992894904e-11
2750	80	-3.701572382e-11
2751	59	3.761968514e-11
2752	134	-3.998934517e-11
2753	143	-2.296118851e-11
2754	125	-1.475619626e-11
2755	112	6.256861695e-11
2756	120	-5.197264841e-11
2757	119	5.349676258e-11
2758	113	1.454658616e-11
2759	111	-1.028332974e-11
2760	87	7.640110766e-12
2761	62	5.385025759e-11
2762	64	9.428902104e-11
2763	49	5.593037145e-11
2764	39	4.917311003e-11
2765	60	-3.031885853e-11
2766	57	3.441158469e-11
2767	38	4.95283814e-11
2768	37	1.306688091e-11
2769	38	-2.056310677e-11
2770	33	9.550582547e-11
2771	31	-3.315037134e-11
2774	57	6.05666628e-11
2775	78	-2.957634138e-11
2776	42	-3.227285106e-11
2777	42	-1.230482383e-11
2778	59	1.468336563e-11
2779	60	4.261480058e-11
2780	43	-3.112177183e-11
2781	57	2.561506562e-11
2782	42	-5.872813347e-11
2783	33	5.205436082e-11
2787	44	-8.756728676e-11
2788	87	-7.128164725e-11
2789	109	-5.867306641e-12
2790	112	-1.518785098e-11
2791	134	-4.884803673e-11
2792	134	7.643130573e-11
2793	125	3.291944495e-11
2794	136	-6.510347816e-11
2795	138	-1.789146609e-11
2796	128	5.21005461e-12
2797	114	-7.872813512e-12
2798	122	-4.516031993e-11
2799	141	-4.511235829e-11
2800	150	-3.330669074e-11
2801	139	2.95958813e-11
2802	130	4.013855914e-11
2803	127	-9.583622784e-11
2804	121	-4.868994097e-12
2805	126	-8.532197171e-11
2806	132	-6.051514845e-11
2807	123	1.172395514e-12
2808	121	4.185807256e-11
2809	131	1.056577048e-11
2810	136	-2.86615176e-11
2811	87	7.138467595e-11
2812	35	5.705125261e-11
2813	90	-3.905853418e-11
2814	74	-7.832667848e-11
2815	41	-2.436273405e-11
2816	132	-2.522604348e-11
2817	127	8.196110457e-12
2818	122	-4.29061231e-11
2819	133	4.166267331e-11
2820	126	2.344435757e-11
2821	106	-2.298250479e-11
2822	98	5.005773573e-11
2823	47	6.834177668e-11
2824	31	2.058442305e-11
2825	49	-1.497824087e-11
2826	39	-2.136957278e-12
2827	39	2.351541184e-11
2828	63	8.910561178e-11
2829	55	2.238387253e-11
2830	39	2.853539627e-11
2831	45	2.202149574e-11
2832	36	4.151345934e-12
2833	35	-8.88000784e-12
2834	32	7.118572398e-11
2837	43	1.966604657e-11
2838	75	6.385292295e-11
2839	49	3.830180617e-11
2840	48	-1.715960707e-12
2841	37	3.501021695e-11
2842	33	1.532463045e-11
2843	31	-1.219540025e-10
2844	39	4.354561156e-11
2845	64	6.862244106e-11
2849	40	-4.128075659e-11
2850	60	4.039257817e-11
2851	93	-4.413358567e-11
2852	110	7.052491924e-11
2853	116	-3.250733016e-12
2854	136	2.569322533e-11
2855	134	-2.376765451e-11
2856	134	4.370193096e-11
2857	143	-5.380762502e-11
2858	135	4.838796031e-12
2859	114	-3.489120104e-11
2860	115	5.161027161e-11
2861	129	-9.017853131e-11
2862	132	-6.521894136e-11
2863	114	-5.238653955e-11
2864	95	-4.275690912e-12
2865	99	4.956035582e-13
2866	118	-5.885070209e-11
2867	113	9.457146177e-11
2868	100	-1.86606286e-11
2869	95	-1.05977449e-11
2870	98	-8.089529047e-11
2871	95	3.575628682e-11
2872	100	4.949463062e-11
2873	111	2.28954633e-11
2874	74	5.167422046e-12
2876	44	-7.975842209e-12
2877	39	2.830624624e-11
2878	55	3.026201512e-11
2879	83	3.563904727e-11
2880	123	2.706457281e-11
2881	114	2.566480362e-11
2882	111	9.833911463e-11
2883	116	5.675993009e-11
2884	103	-1.986144582e-11
2885	68	-2.371436381e-12
2886	50	5.654854363e-11
2887	43	-5.515943258e-11
2889	47	2.476951977e-11
2890	58	2.064304283e-11
2891	55	3.092637257e-11
2892	44	3.02460279e-11
2893	41	-1.689315354e-12
2894	45	1.219540025e-10
2895	45	6.124523111e-11
2896	40	2.441247204e-11
2897	33	-5.853095786e-12
2899	31	6.271427822e-11
2901	63	6.393285901e-11
2902	61	1.730349197e-11
2903	37	-4.765787764e-11
2904	33	-5.714362317e-11
2905	30	1.310560549e-10
2906	43	2.105693397e-11
2907	41	4.555467115e-11
2912	49	-6.393996443e-11
2913	65	-1.999111987e-11
2914	95	5.346834087e-13
2915	107	-1.209343736e-11
2916	123	9.094947018e-12
2917	140	7.78399567e-12
2918	140	3.61026764e-11
2919	143	2.05577777e-11
2920	135	8.686029673e-11
2921	101	-5.698552741e-12
2922	99	-2.997779802e-11
2923	117	-6.902922678e-11
2924	119	3.835509688e-11
2925	103	-2.439648483e-11
2926	94	1.660893645e-11
2927	97	-7.666756119e-12
2928	87	-2.512479114e-11
2929	98	2.98427949e-13
2930	98	-1.574917974e-11
2931	102	9.610090501e-12
2932	97	3.912603574e-11
2933	90	3.617017796e-11
2934	79	-2.248867759e-12
2935	67	-2.670574872e-11
2936	59	1.428190899e-11
2937	59	9.169554005e-12
2938	67	-2.992450732e-11
2939	77	3.982947305e-11
2940	97	4.83098006e-11
2941	68	3.947064897e-12
2942	75	-2.333777616e-11
2943	102	1.382005621e-11
2944	115	-1.861621968e-11
2945	110	-5.233857792e-11
2946	111	6.736655678e-11
2947	89	3.95559141e-11
2948	54	-1.406874617e-12
2950	39	1.102193892e-10
2951	45	-2.994937631e-12
2953	67	-1.751487844e-12
2954	48	9.51878576e-11
2955	33	7.287326298e-11
2956	37	3.244693403e-11
2957	41	1.132605121e-11
2958	40	3.295497208e-11
2959	44	-3.533529025e-11
2960	38	9.353584574e-11
2961	35	4.344968829e-11
2962	32	2.128075494e-12
2963	31	6.281197784e-12
2964	37	-9.897860309e-12
2965	69	8.627409898e-11
2966	33	1.260431759e-10
2969	50	1.468691835e-11
2970	43	5.99698069e-12
2975	45	-4.115818797e-11
2976	74	7.575451377e-11
2977	112	5.52695667e-11
2978	125	-4.219558036e-11
2979	140	4.060751735e-11
2980	156	3.950262339e-11
2981	148	1.006874584e-10
2982	141	5.009326287e-13
2983	116	-3.046807251e-11
2984	106	1.655209303e-11
2985	107	5.073630405e-11
2986	105	6.263434216e-12
2987	86	4.774847184e-12
2988	94	8.853362488e-12
2989	95	-3.635491908e-11
2990	103	-2.117417353e-11
2991	104	3.492317546e-12
2992	96	-2.785327524e-12
2993	90	-2.04920525e-11
2994	74	-3.314681862e-12
2995	60	5.659828162e-11
2996	45	1.267963512e-11
3000	33	4.062883363e-11
3001	36	-5.933031844e-13
3002	43	-7.993605777e-12
3003	53	1.412203687e-11
3004	59	1.010427297e-10
3005	59	5.272582371e-11
3006	83	8.000711205e-11
3007	44	7.034728355e-11
3008	102	7.432987559e-11
3009	98	-6.803446695e-12
3010	74	2.689759526e-11
3011	50	3.49587026e-11
3012	52	5.049827223e-11
3013	52	2.437872126e-11
3014	37	-3.903366519e-11
3016	49	1.657340931e-11
3017	63	-2.767208684e-11
3018	34	9.22284471e-12
3019	37	-1.831779173e-11
3020	37	7.965894611e-11
3021	35	7.749889619e-11
3022	37	9.590550576e-11
3023	39	1.964650664e-11
3024	34	5.224620736e-11
3025	35	2.993516546e-11
3026	32	3.754507816e-11
3028	49	-4.011013743e-12
3029	34	5.961098282e-11
3031	36	7.759481946e-11
3037	46	4.153477562e-11
3038	66	-2.486544304e-11
3039	102	2.930988785e-12
3040	131	7.798917068e-11
3041	145	2.57642796e-11
3042	153	-6.055955737e-11
3043	148	-6.320277635e-12
3044	134	2.504307872e-11
3045	114	3.143085792e-11
3046	104	1.012523398e-12
3047	93	1.897149104e-11
3048	99	1.232436375e-11
3049	87	4.8490989e-11
3050	98	-6.006928288e-11
3051	102	9.423217762e-11
3052	96	5.846700901e-11
3053	86	1.299937935e-11
3054	60	2.048494707e-11
3055	43	4.411759846e-11
3056	34	-1.001865257e-11
3057	41	-5.991651619e-11
3058	59	-1.011457584e-11
3059	81	3.491251732e-11
3060	91	-1.535482852e-11
3061	99	-2.133759835e-11
3062	101	3.687006256e-11
3063	103	4.064304449e-11
3064	99	7.592149132e-12
3065	99	-3.088729272e-11
3066	85	-3.097966328e-12
3067	69	7.452882755e-11
3068	51	3.198508125e-11
3069	39	-4.188649427e-12
3070	48	6.265565844e-11
3072	69	5.423572702e-11
3073	44	4.561684364e-12
3074	44	3.180034014e-11
3075	58	5.96322991e-11
3076	50	3.830535888e-11
3077	45	1.080024958e-12
3078	38	4.273914556e-11
3080	62	-1.257660642e-11
3081	39	5.851319429e-11
3082	37	4.349232086e-11
3083	37	1.040945108e-11
3084	32	-5.423927973e-11
3086	31	5.019629157e-11
3087	33	4.147082677e-11
3088	33	6.101430472e-11
3092	55	4.52438087e-11
3093	56	3.555911121e-11
3094	51	3.215205879e-11
3095	41	3.521094527e-11
3098	39	4.082423288e-11
3099	52	-5.805134151e-12
3100	81	4.050093594e-12
3101	106	3.022648798e-11
3102	133	2.775024655e-11
3103	147	-6.745537462e-11
3104	148	-1.853805998e-11
3105	148	3.110400826e-11
3106	119	3.189626341e-11
3107	109	-1.952571438e-11
3108	91	-4.492761718e-11
3109	85	-2.142996891e-11
3110	82	3.195310683e-11
3111	87	-2.754418915e-11
3112	85	3.834088602e-11
3113	78	-1.292477236e-11
3114	63	3.331024345e-11
3115	61	1.057998134e-11
3116	47	7.669243018e-11
3117	54	4.50626203e-11
3118	70	-2.851052727e-11
3119	97	-4.689582056e-13
3120	108	-2.389910492e-11
3121	119	1.042756992e-10
3122	120	6.705391797e-11
3123	121	8.432721188e-11
3124	115	3.726441378e-11
3125	107	3.914735203e-11
3126	113	-7.460698725e-12
3127	112	7.142020308e-11
3128	111	-7.112532785e-12
3129	119	4.781952612e-11
3130	133	-3.56337182e-11
3131	131	-7.423395232e-11
3132	120	3.258548986e-11
3133	103	2.756905815e-12
3134	80	1.230411328e-10
3135	57	8.501643833e-12
3136	44	1.010072026e-10
3137	36	7.058531537e-11
3138	39	3.532818482e-11
3139	39	-1.102762326e-11
3140	34	-3.529976311e-11
3141	38	7.773337529e-11
3143	51	-5.876188425e-12
3144	45	6.334488489e-11
3146	34	-1.447730824e-11
3150	32	-1.141842176e-11
3154	31	8.65405525e-11
3155	46	1.399413918e-11
3156	49	4.273914556e-12
3157	39	5.0153659e-11
3158	36	5.650591106e-11
3159	42	3.700506568e-11
3160	58	6.892264537e-11
3161	81	9.455192185e-11
3162	103	3.95807831e-11
3163	128	-4.522604513e-12
3164	144	-2.103206498e-12
3165	148	2.478373062e-11
3166	134	5.063327535e-11
3167	133	3.521094527e-11
3168	114	9.84350379e-11
3169	116	4.891731464e-11
3170	94	1.086419843e-11
3171	84	4.939337828e-11
3172	93	6.020073329e-11
3173	93	7.531752999e-12
3174	96	1.449507181e-12
3175	72	1.225330948e-11
3176	42	5.492495347e-12
3177	51	-2.577138503e-11
3178	55	-3.051070507e-11
3179	67	-2.845013114e-11
3180	104	7.348432973e-11
3181	124	5.292122296e-11
3182	136	4.323652547e-12
3183	121	4.461853109e-11
3184	99	8.012079888e-11
3185	89	-4.951772326e-11
3186	75	4.416023103e-12
3187	72	1.865174681e-11
3188	90	3.423394901e-11
3189	99	4.511591101e-11
3190	115	-1.527666882e-13
3191	119	5.791989111e-11
3192	106	-2.87769808e-12
3193	110	4.38937775e-11
3194	94	-1.663025273e-11
3195	100	-1.602273869e-12
3196	107	3.885602951e-11
3197	103	1.38697942e-11
3198	113	8.689937658e-12
3199	109	9.49285095e-11
3200	31	-2.405187161e-12
3201	38	2.097877427e-11
3202	35	8.551381825e-11
3203	38	3.796074566e-11
3204	38	2.480149419e-11
3205	36	2.098232699e-11
3206	33	5.570655048e-11
3207	77	5.264766401e-11
3208	32	9.089617947e-11
3213	30	7.159428606e-11
3216	41	6.52953247e-11
3217	47	5.197264841e-11
3218	38	1.396500693e-10
3219	31	9.003642276e-11
3221	39	-3.390709935e-11
3222	68	-4.9347193e-11
3223	91	2.405187161e-12
3224	117	2.795630394e-11
3225	130	3.611688726e-11
3226	148	7.008083003e-11
3227	140	8.435208088e-11
3228	120	8.663292306e-11
3229	136	4.135358722e-11
3230	95	9.187317573e-12
3231	91	3.386091407e-11
3232	97	-2.113864639e-12
3233	96	6.76578793e-11
3234	86	-4.528999398e-11
3235	81	4.477840321e-11
3236	81	2.047784164e-11
3237	70	3.386446679e-11
3238	67	1.694289153e-11
3239	80	1.046274178e-11
3240	100	-8.585132605e-11
3241	117	-5.935163472e-11
3242	136	5.918820989e-11
3243	128	1.06858522e-10
3244	114	3.251443559e-11
3245	92	1.740829703e-12
3246	105	6.249578632e-11
3247	104	4.255085173e-11
3248	109	3.90620869e-11
3249	110	7.773337529e-12
3250	107	5.366729283e-11
3251	124	4.192202141e-13
3252	129	6.249223361e-12
3253	121	-1.616484724e-12
3254	110	7.258194046e-11
3255	111	3.612043997e-11
3256	113	4.111910812e-11
3257	100	3.302602636e-11
3258	106	7.020872772e-11
3259	106	7.917577705e-11
3260	111	4.596145686e-11
3261	110	4.551026223e-11
3262	105	2.189892712e-11
3263	99	5.1034732e-11
3264	38	2.85176327e-11
3265	44	5.603340014e-11
3266	41	2.203393024e-11
3267	39	1.774935754e-11
3268	37	4.349942628e-11
3270	52	3.181455099e-11
3271	43	4.266809128e-12
3275	36	7.487344078e-11
3278	41	-3.413802574e-11
3279	65	6.776446071e-11
3280	67	5.99698069e-12
3281	42	8.522604844e-11
3282	38	5.989519991e-11
3283	46	7.173994732e-11
3284	71	5.522338142e-11
3285	100	6.285461041e-11
3286	126	8.296652254e-11
3287	133	5.238121048e-11
3288	141	2.602718041e-11
3289	93	7.238298849e-11
3290	124	1.429611984e-11
3291	108	9.055867167e-12
3292	97	6.401279506e-11
3293	106	1.323741117e-11
3294	94	-3.162625717e-11
3295	86	1.567457275e-11
3296	92	1.602273869e-11
3297	71	-1.342925771e-12
3298	55	4.234834705e-11
3299	67	-5.488587362e-11
3300	70	-6.981082379e-12
3301	96	4.803268894e-11
3302	126	5.177369644e-11
3303	138	1.701749852e-11
3304	144	4.988010005e-12
3305	123	7.071321306e-11
3306	106	3.158717732e-11
3307	115	4.489209005e-11
3308	129	9.119816013e-12
3309	123	6.309619494e-11
3310	121	9.949019386e-11
3311	124	6.814460107e-11
3312	136	-1.116262638e-11
3313	120	3.442224283e-11
3314	105	1.022009144e-10
3315	107	2.738431704e-11
3316	108	2.658140374e-11
3317	126	3.339550858e-11
3318	106	1.008864103e-10
3319	111	8.18403123e-11
3320	139	1.594031573e-10
3321	129	1.421831541e-10
3322	117	9.507417076e-11
3323	138	1.200461952e-11
3324	131	5.332623232e-12
3325	128	5.767475386e-11
3326	126	9.728751138e-11
3327	111	-2.28048691e-11
3328	49	5.986322549e-11
3329	53	9.912781707e-11
3330	48	1.009254902e-10
3331	40	5.931610758e-11
3332	35	2.524913612e-11
3333	31	-4.752109817e-11
3334	49	1.049471621e-10
3335	31	6.819789178e-11
3341	54	1.105391334e-10
3342	54	3.565148177e-11
3343	44	3.660005632e-11
3344	39	5.908518119e-11
3345	49	1.54891211e-10
3346	69	7.342038089e-11
3347	108	6.390976637e-11
3348	121	8.328271406e-11
3349	135	1.062083754e-10
3350	118	7.605649444e-11
3351	122	6.483702464e-11
3352	124	9.216805097e-11
3353	96	6.457057111e-11
3354	102	4.236611062e-11
3355	106	6.890132909e-11
3356	78	1.065352251e-10
3357	72	8.535749885e-11
3358	73	8.945377772e-11
3359	56	6.045297596e-11
3360	63	2.914646302e-11
3361	78	4.650857477e-11
3362	89	1.010995732e-10
3363	127	-1.314859333e-11
3364	139	9.787015642e-11
3365	137	7.944223057e-11
3366	122	6.957279197e-11
3367	130	5.499245503e-11
3368	121	1.868052379e-10
3369	120	2.187761083e-11
3370	131	1.574917974e-11
3371	135	-2.773603569e-11
3372	125	6.067324421e-11
3373	125	4.718003765e-11
3374	116	-2.307132263e-11
3375	111	1.051922993e-10
3376	103	4.273204013e-11
3377	107	6.382450124e-11
3378	93	4.696332212e-11
3379	97	1.621103252e-11
3380	111	2.57642796e-11
3381	120	3.540634452e-11
3382	125	5.97353278e-11
3383	113	3.439382112e-11
3384	128	6.257749874e-11
3385	132	7.010569902e-11
3386	123	6.465938895e-11
3387	121	9.624656627e-11
3388	119	8.986589251e-11
3389	120	6.892264537e-12
3390	118	8.262901474e-11
3391	121	7.897682508e-11
3392	40	1.162696606e-10
3393	35	3.982592034e-12
3394	33	3.021582984e-11
3395	32	1.629949509e-10
3396	36	8.06430478e-11
3397	38	1.286437623e-11
3398	36	-2.069455718e-11
3403	41	2.028244239e-11
3404	68	6.327383062e-11
3405	49	7.741718377e-11
3406	49	1.147029138e-10
3407	36	9.09565756e-11
3408	70	2.989608561e-11
3409	103	1.463007493e-11
3410	115	4.614619797e-11
3411	126	3.459277309e-11
3412	116	2.435385227e-11
3413	149	3.646860591e-11
3414	117	4.344968829e-11
3415	116	4.068922976e-11
3416	115	2.565769819e-11
3417	69	4.533262654e-12
3418	58	1.287503437e-11
3419	54	-1.110578296e-11
3421	34	-4.86721774e-12
3422	63	1.076116973e-10
3423	75	7.532463542e-11
3424	98	9.181988503e-11
3425	124	1.595168442e-12
3426	126	4.985523105e-11
3427	120	8.569500665e-11
3428	113	2.763655971e-11
3429	116	1.653077675e-11
3430	128	3.026912054e-11
3431	135	5.338307574e-11
3432	115	5.261568958e-11
3433	99	6.124878382e-11
3434	103	4.439115742e-11
3435	117	1.368505309e-11
3436	130	9.17346199e-11
3437	111	1.693578611e-11
3438	106	2.017586098e-11
3439	130	4.377298524e-11
3440	124	3.371880553e-11
3441	120	2.556532763e-11
3442	139	4.131806008e-12
3443	124	2.893685291e-11
3444	113	-3.356248612e-11
3445	133	2.703970381e-11
3446	132	2.081890216e-12
3447	128	3.461408937e-11
3448	137	3.243627589e-11
3449	139	1.278195327e-10
3450	121	6.699707455e-11
3451	119	7.553424552e-11
3452	127	1.838174057e-11
3453	129	4.850519986e-11
3454	98	6.534506269e-11
3455	96	4.434497214e-11
3460	31	-1.5894841e-11
3461	31	5.005773573e-11
3462	63	-5.652367463e-12
3466	40	1.194955246e-10
3467	59	1.050288745e-10
3468	31	6.446754242e-11
3469	49	6.381739581e-11
3470	80	7.460698725e-11
3471	65	6.301092981e-11
3472	118	1.04662945e-11
3473	118	4.060751735e-11
3474	133	-4.547473509e-13
3475	127	2.593125714e-11
3476	97	4.486011562e-11
3477	116	3.616662525e-11
3478	85	3.509725843e-11
3479	47	-9.361400544e-12
3480	53	6.101075201e-11
3481	65	2.44924081e-11
3482	62	1.100630698e-11
3483	75	6.403411135e-11
3484	100	6.751577075e-11
3485	115	1.957900508e-11
3486	122	3.40492079e-11
3487	124	9.224265796e-11
3488	117	-2.395594834e-11
3489	117	1.204725208e-11
3490	112	-1.232081104e-11
3491	111	4.497735517e-12
3492	129	3.196021225e-11
3493	120	1.073203748e-10
3494	115	2.382449793e-11
3495	128	3.249667202e-11
3496	127	4.810374321e-11
3497	89	4.52438087e-11
3498	85	1.714894893e-11
3499	93	4.99191799e-11
3500	110	-1.330846544e-11
3501	121	2.447819725e-12
3502	119	-2.086864015e-11
3503	129	4.957811939e-11
3504	132	7.45679074e-11
3505	131	9.343636975e-13
3506	128	-1.705302566e-12
3507	137	6.628653182e-11
3508	142	4.233768891e-11
3509	127	7.827694049e-11
3510	118	4.123279496e-11
3511	123	-6.075140391e-12
3512	133	3.336353416e-11
3513	133	2.186339998e-11
3514	114	8.684253316e-11
3515	110	7.273115443e-11
3516	123	6.368239269e-11
3517	127	4.231637263e-11
3518	112	-1.02069464e-11
3519	131	4.152767019e-11
3520	38	7.815970093e-12
3521	35	1.059348165e-10
3522	32	6.46700471e-11
3523	40	6.363976013e-11
3524	35	3.485212119e-11
3526	42	-2.204103566e-11
3527	72	8.625988812e-11
3528	46	2.751221473e-11
3529	54	-1.56354929e-11
3530	73	5.860201213e-11
3531	48	4.406786047e-11
3532	60	1.006981165e-10
3533	81	5.768896472e-11
3534	122	6.03606054e-12
3535	133	7.374723054e-11
3536	113	4.926192787e-11
3537	97	3.110756097e-11
3538	122	-4.62563321e-12
3539	86	6.81765755e-11
3540	43	-9.602985074e-12
3541	44	7.918288247e-11
3542	49	2.231459462e-11
3543	69	6.915001904e-11
3544	97	1.015720841e-10
3545	114	1.000444172e-11
3546	126	6.365041827e-11
3547	126	5.965006267e-12
3548	122	9.258727118e-11
3549	113	-4.148148491e-11
3550	102	4.061107006e-11
3551	121	-3.18429727e-11
3552	132	5.692157856e-11
3553	117	1.794830951e-11
3554	126	1.198685595e-11
3555	118	-3.951683425e-11
3556	114	-5.204725539e-11
3557	115	2.273381483e-11
3558	111	-7.215561482e-12
3559	109	7.807088309e-11
3560	134	-1.424993457e-11
3561	113	7.736744578e-11
3562	107	-6.416200904e-12
3563	92	6.971490052e-11
3564	96	5.11661824e-11
3565	116	8.277822872e-13
3566	131	-6.330580504e-11
3567	135	-8.405720564e-12
3568	113	4.682476629e-11
3569	118	7.864997542e-11
3570	130	6.982858736e-11
3571	132	1.890398948e-11
3572	103	6.044942324e-11
3573	118	-3.511857471e-11
3574	119	3.28022054e-11
3575	119	2.163247359e-11
3576	105	7.722888995e-11
3577	102	3.157651918e-11
3578	110	-1.568167818e-11
3579	78	6.803446695e-11
3580	100	1.079030199e-10
3581	125	2.135891464e-11
3582	117	2.518163456e-11
3583	124	-1.57136526e-11
3584	54	4.920508445e-11
3585	44	-2.384936693e-11
3586	41	2.093614171e-11
3587	32	1.364952595e-10
3590	32	-3.4283687e-11
3591	39	5.083222732e-11
3592	53	1.786659709e-11
3593	76	2.160049917e-11
3594	94	1.304201191e-11
3595	103	3.907985047e-11
3596	99	5.253042445e-11
3597	105	8.822098607e-11
3598	114	6.323830348e-12
3599	82	6.13979978e-11
3600	83	3.191047426e-11
3601	84	2.659916731e-11
3602	68	7.595701845e-12
3603	74	-3.081623845e-11
3604	80	2.43360887e-12
3605	100	5.020694971e-11
3606	121	1.514521841e-11
3607	128	9.218936725e-11
3608	128	8.998668477e-11
3609	117	5.381295409e-11
3610	120	2.955147238e-11
3611	113	7.531752999e-13
3612	111	8.082423619e-12
3613	106	1.784883352e-11
3614	114	3.358024969e-11
3615	129	-5.454836582e-11
3616	118	3.000621973e-11
3617	118	-1.357136625e-11
3618	122	-4.593658787e-12
3619	128	6.292921739e-11
3620	111	8.87467877e-12
3621	125	-2.590638815e-11
3622	129	3.961275752e-11
3623	136	6.301448252e-11
3624	139	6.500400218e-11
3625	114	5.249845003e-11
3626	107	-3.071320975e-11
3627	113	3.377209623e-11
3628	119	6.96331881e-13
3629	117	6.784617312e-11
3630	97	7.112532785e-12
3631	119	1.945466011e-11
3632	149	-3.469580179e-11
3633	110	1.616484724e-11
3634	107	7.397105151e-11
3635	118	8.980194366e-11
3636	99	7.746692177e-11
3637	117	-2.959410494e-12
3638	122	3.195310683e-11
3639	110	-2.254552101e-11
3640	99	6.353317872e-11
3641	83	4.861178127e-11
3642	90	2.872369009e-11
3643	120	5.904610134e-11
3644	127	8.49027515e-11
3645	129	1.141131634e-11
3646	134	8.434497545e-11
3647	133	7.133138524e-11
3648	30	3.905498147e-11
3651	31	3.21271898e-11
3652	48	-1.642419534e-11
3653	57	5.774225542e-11
3654	78	5.557154736e-11
3655	90	1.112852033e-10
3656	112	5.779554613e-11
3657	118	1.11946008e-11
3658	116	6.734168778e-11
3659	113	5.869438269e-11
3660	105	-7.506884003e-12
3661	97	-9.166001291e-13
3662	80	3.945643812e-11
3663	55	3.780087354e-11
3664	57	4.452616054e-11
3665	30	1.621458523e-11
3666	45	1.664091087e-11
3667	126	1.037747666e-11
3668	132	4.812150678e-11
3669	129	7.375433597e-11
3670	116	6.889067095e-11
3671	120	3.311129149e-12
3672	107	-3.083755473e-11
3673	119	7.599965102e-11
3674	138	2.124878051e-11
3675	140	-6.836842203e-11
3676	122	-3.442224283e-11
3677	134	2.29860575e-11
3678	123	1.177369313e-11
3679	107	1.847055842e-11
3680	126	4.903455419e-11
3681	126	-2.273736754e-12
3682	121	1.94795291e-11
3683	130	3.464961651e-11
3684	126	4.522249242e-11
3685	128	1.902833446e-11
3686	119	-3.135625093e-11
3687	107	-2.11421991e-11
3688	132	-2.435385227e-11
3689	140	6.462386182e-11
3690	124	1.18163257e-11
3691	119	-3.163691531e-11
3692	113	-6.937384001e-11
3693	101	4.284572697e-12
3694	105	5.948663784e-11
3695	109	-2.279776368e-11
3696	131	5.375255796e-11
3697	124	-1.586286658e-11
3698	105	2.644640062e-11
3699	112	-1.883648793e-11
3700	100	3.369038382e-11
3701	106	7.611689057e-11
3702	124	5.739408948e-11
3703	105	4.018829713e-11
3704	108	5.866596098e-11
3705	114	1.98951966e-11
3706	110	3.464961651e-11
3707	124	3.207034638e-11
3708	113	2.40767406e-11
3709	132	1.852740183e-11
3710	118	-4.032330025e-12
3711	109	3.850786356e-11
3712	31	3.215561151e-11
3713	55	-6.113154427e-11
3714	81	2.219380235e-11
3715	102	1.976729891e-11
3716	105	3.048938879e-11
3717	115	7.463540896e-11
3718	101	5.793765467e-11
3719	118	4.763478501e-11
3720	143	-2.305711178e-11
3721	99	3.522870884e-11
3722	86	-6.767919558e-12
3723	89	3.452882424e-11
3724	92	3.478461963e-11
3725	101	1.906741431e-11
3726	68	9.941913959e-11
3730	31	8.896350323e-11
3731	110	-2.959410494e-11
3732	113	-6.089351245e-12
3733	98	-5.447375884e-11
3734	99	-9.539036228e-12
3735	113	-5.655209634e-11
3736	126	-2.296474122e-11
3737	139	-2.770050855e-11
3738	144	4.38404868e-12
3739	132	-2.490097017e-11
3740	127	1.751487844e-11
3741	134	-6.203038083e-12
3742	119	-5.542233339e-11
3743	114	-3.549160965e-12
3744	127	-1.849898013e-11
3745	110	7.901945764e-11
3746	116	-8.032685628e-12
3747	135	-3.33741923e-11
3748	113	7.332801033e-12
3749	98	3.890932021e-11
3750	110	1.614353096e-11
3751	115	3.40243389e-11
3752	99	3.275602012e-11
3753	114	2.292566137e-11
3754	131	-5.322320362e-11
3755	120	1.228848134e-10
3756	111	5.698197469e-11
3757	117	2.145128519e-11
3758	123	2.041744551e-11
3759	103	-3.936406756e-12
3760	105	7.623057741e-11
3761	113	2.706102009e-11
3762	115	4.370548368e-11
3763	109	1.13757892e-11
3764	116	6.704681255e-11
3765	96	2.000888344e-11
3766	106	6.259881502e-11
3767	122	2.283329081e-11
3768	114	7.140954494e-11
3769	112	-5.779909884e-11
3770	144	-1.61541891e-11
3771	106	1.06126663e-10
3772	98	3.772981927e-12
3773	100	1.013518158e-10
3774	134	-3.729994091e-11
3775	133	8.271427987e-11
3776	96	-9.805489753e-12
3777	108	5.801581437e-12
3778	113	8.198242085e-11
3779	109	8.751399605e-11
3780	94	-2.718536507e-11
3781	86	4.646238949e-11
3782	72	1.073985345e-10
3783	76	7.447908956e-11
3784	63	-3.332445431e-12
3785	63	1.234923275e-10
3786	73	7.943512514e-11
3787	68	3.943156912e-11
3788	128	6.065548064e-11
3789	143	6.221156923e-11
3790	59	1.553601692e-11
3793	40	4.162359346e-11
3797	30	3.7609027e-11
3798	36	3.360156597e-11
3799	70	-8.845901789e-11
3800	109	3.751665645e-12
3801	122	7.630518439e-11
3802	113	1.934452598e-11
3803	114	9.286793556e-12
3804	104	2.754774187e-11
3805	132	1.476507805e-11
3806	134	3.045386165e-11
3807	110	1.530509053e-11
3808	108	4.435918299e-11
3809	119	4.155964461e-11
3810	109	2.013678113e-11
3811	124	1.967492835e-11
3812	108	-1.753619472e-11
3813	105	-1.346478484e-11
3814	130	-6.673772646e-11
3815	121	6.461675639e-11
3816	106	3.432987228e-11
3817	88	-6.092903959e-12
3818	117	1.231725832e-11
3819	126	2.183142556e-11
3820	116	5.813660664e-11
3821	125	6.194866842e-11
3822	123	5.89572835e-11
3823	115	3.709033081e-11
3824	105	3.369748924e-11
3825	101	-2.965450108e-11
3826	106	2.349409556e-11
3827	110	3.481304134e-11
3828	116	4.551026223e-11
3829	106	-2.474109806e-11
3830	120	1.139710548e-10
3831	114	7.205613883e-11
3832	137	5.48538992e-11
3833	131	2.558664391e-11
3834	121	6.185629786e-11
3835	123	3.846878371e-11
3836	118	1.165645358e-11
3837	87	7.958078641e-11
3838	89	5.999467589e-11
3839	106	4.650857477e-11
3840	101	9.915623878e-12
3841	54	7.647926736e-11
3842	51	1.192290711e-10
3843	50	8.157030607e-11
3844	58	2.561506562e-11
3845	85	9.000444834e-11
3846	84	6.719247381e-11
3847	83	4.258282615e-11
3848	48	5.933387115e-11
3849	32	4.783018426e-11
3852	74	-7.947420499e-12
3853	118	-1.232791647e-11
3854	58	3.183586728e-11
3857	50	1.412558959e-10
3858	52	7.60209673e-11
3859	61	5.255884616e-11
3860	91	-7.730704965e-12
3861	100	2.402700261e-11
3862	97	-2.234656904e-12
3863	126	4.963141009e-12
3864	111	-3.687716799e-12
3865	93	8.344613889e-11
3866	131	1.470823463e-11
3867	113	4.741806947e-11
3868	137	3.489475375e-11
3869	144	3.600320042e-11
3870	130	-4.522604513e-12
3871	123	7.283063042e-12
3872	107	-3.857181241e-11
3873	122	-8.810729923e-12
3874	105	6.505018746e-11
3875	116	2.408739874e-12
3876	101	7.880984754e-11
3877	96	3.817746119e-11
3878	109	5.308109507e-11
3879	99	-1.848476927e-11
3880	103	1.422861828e-11
3881	104	-3.456790409e-12
3882	97	-1.025313168e-11
3883	107	1.043787279e-11
3884	132	7.496581134e-11
3885	119	7.403855307e-11
3886	108	3.000621973e-11
3887	124	5.332623232e-11
3888	132	4.207834081e-11
3889	123	4.178346558e-11
3890	110	8.221334724e-11
3891	124	6.137668151e-11
3892	118	6.190958857e-11
3893	119	8.666134477e-11
3894	119	1.1143797e-10
3895	91	3.920774816e-11
3896	103	4.089173444e-11
3897	138	5.74260639e-11
3898	143	1.33226763e-11
3899	135	-1.761080171e-11
3900	107	-2.880895522e-11
3901	121	7.977973837e-11
3902	126	3.424460715e-11
3903	116	5.678657544e-11
3904	122	3.218403322e-11
3905	72	7.761968845e-11
3906	85	4.997247061e-11
3907	98	4.596856229e-11
3908	123	3.624833766e-11
3909	128	3.154809747e-11
3910	78	4.541078624e-11
3911	45	-7.819522807e-12
3914	36	8.110490057e-11
3916	33	-4.618527782e-13
3917	32	-4.455102953e-11
3918	53	4.425260158e-11
3919	58	1.711342179e-11
3920	95	1.260147542e-11
3921	121	1.389111048e-12
3922	118	5.036682182e-11
3923	118	1.409361516e-11
3924	122	7.181633066e-11
3925	107	6.667200125e-11
3926	115	-2.888889128e-11
3927	135	-3.031885853e-11
3928	134	2.263433885e-11
3929	92	8.607692337e-11
3930	126	-6.314238021e-11
3931	121	4.577671575e-12
3932	124	7.850786687e-11
3933	140	6.077094383e-11
3934	117	-2.597388971e-11
3935	117	3.735500798e-11
3936	118	-8.792966355e-13
3937	107	2.068389904e-11
3938	118	-8.604850166e-11
3939	129	4.626343753e-11
3940	120	5.765343758e-11
3941	128	6.41264819e-12
3942	118	3.635314272e-11
3943	113	-6.730260793e-11
3944	109	6.716049938e-11
3945	84	-3.547029337e-11
3946	108	7.945644143e-12
3947	105	3.31930039e-11
3948	123	1.200390898e-10
3949	133	3.482014677e-11
3950	108	7.207212604e-11
3951	89	5.294253924e-11
3952	112	8.639133853e-11
3953	139	6.091838145e-11
3954	107	-3.555378214e-11
3955	113	4.472688886e-11
3956	130	1.853628362e-11
3957	121	7.125144919e-11
3958	128	4.238209783e-11
3959	111	9.913669885e-11
3960	105	3.669242687e-11
3961	102	4.947153798e-11
3962	125	5.16191534e-11
3963	126	6.695977106e-11
3964	104	-1.127631322e-11
3965	106	4.057199021e-11
3966	126	1.035420638e-10
3967	131	9.438139159e-11
3968	120	3.77902154e-11
3969	115	8.237321936e-11
3970	127	3.871569731e-11
3971	132	4.343192472e-11
3972	141	3.496403167e-11
3973	72	2.408384603e-11
3974	41	5.785949497e-11
3975	39	3.963052109e-11
3979	35	6.967759703e-11
3980	45	8.932765638e-11
3981	77	3.954703232e-11
3982	82	4.27906599e-11
3983	92	3.472777621e-12
3984	120	2.282085632e-11
3985	127	-4.862066305e-11
3986	113	2.336797422e-11
3987	104	-1.030286967e-11
3988	133	3.154632111e-11
3989	112	3.753264366e-11
3990	128	-3.262456971e-11
3991	134	6.313172207e-12
3992	140	1.293187779e-12
3993	134	7.175771088e-11
3994	97	-2.516209463e-11
3995	124	3.292655038e-11
3996	119	2.511235664e-11
3997	93	9.03188635e-11
3998	137	-5.642419865e-11
3999	134	5.985967277e-11
4000	111	-3.876010624e-12
4001	132	-3.820410654e-11
4002	127	-5.822542448e-11
4003	112	1.833200258e-12
4004	113	2.778044461e-11
4005	123	3.327471632e-11
4006	106	7.332445762e-11
4007	100	5.226752364e-11
4008	103	4.721556479e-11
4009	109	3.256062087e-11
4010	110	-1.200284316e-11
4011	108	1.215560985e-11
4012	98	1.417532758e-11
4013	103	-1.635669378e-11
4014	132	6.65423272e-11
4015	111	7.857003936e-11
4016	98	8.332001755e-11
4017	96	4.392930464e-11
4018	114	1.199040867e-11
4019	111	5.154454641e-11
4020	108	-4.044764523e-12
4021	107	5.337952302e-12
4022	110	4.950884147e-11
4023	117	8.677147889e-11
4024	117	-8.540723684e-12
4025	108	9.924683297e-11
4026	101	1.200461952e-10
4027	109	1.247126846e-10
4028	134	-8.318679079e-12
4029	110	7.191047757e-11
4030	112	9.547918012e-11
4031	116	-3.574029961e-12
4032	120	3.608668919e-11
4033	114	4.709477253e-11
4034	118	9.140244117e-11
4035	121	-2.770406127e-11
4036	128	4.747491289e-11
4037	100	6.644640393e-11
4038	56	5.918820989e-12
4040	43	8.249223526e-11
4041	79	7.980993644e-11
4042	101	2.570388347e-12
4043	112	5.670308667e-11
4044	120	1.325162202e-12
4045	137	4.949640697e-11
4046	113	-1.620215073e-11
4047	128	-3.142375249e-11
4048	140	2.584599201e-12
4049	113	7.170442018e-11
4050	122	4.584599367e-11
4051	120	2.373745644e-11
4052	139	4.658673447e-11
4053	119	7.320721807e-11
4054	113	4.460609659e-11
4055	151	-1.261213356e-12
4056	131	1.72857284e-11
4057	128	-1.156585938e-11
4058	114	3.375610902e-11
4059	135	1.667999072e-12
4060	140	1.0144241e-10
4061	106	6.305889144e-11
4062	121	-2.092725992e-11
4063	144	5.36850564e-11
4064	106	9.235634479e-11
4065	124	-5.545786053e-12
4066	147	-3.705125096e-11
4067	118	1.600497512e-12
4068	102	1.618261081e-12
4069	122	1.139177641e-11
4070	104	3.388933578e-11
4071	95	1.754330015e-11
4072	102	5.343103737e-11
4073	107	-5.705658168e-12
4074	100	2.708766544e-11
4075	104	7.440803529e-11
4076	72	6.955147569e-11
4077	77	3.37241346e-11
4078	119	3.485212119e-11
4079	109	5.161382433e-11
4080	116	-1.894129298e-11
4081	102	2.87396773e-11
4082	97	1.669953065e-11
4083	132	1.191100552e-10
4084	91	2.719602321e-12
4085	93	4.217426408e-11
4086	109	4.913047746e-11
4087	118	8.1943341e-11
4088	119	2.395239562e-11
4089	121	6.085087989e-11
4090	103	6.533440455e-11
4091	93	7.907452471e-11
4092	86	6.47233378e-11
4093	107	2.412292588e-11
4094	119	4.774491913e-11
4095	116	1.374189651e-11
