4096
0	187	-1.065814104e-11
1	188	4.712852331e-11
2	173	4.182254543e-11
3	149	-1.421085472e-14
4	120	-5.75539616e-13
5	111	-1.185895826e-11
6	116	-1.012612216e-10
7	116	-3.322497832e-11
8	121	-3.575095775e-11
9	139	8.927969475e-12
10	157	-1.535482852e-11
11	135	-1.735678268e-11
12	106	6.40731912e-12
13	108	4.757083616e-12
14	112	1.740474431e-11
15	110	-3.467981458e-11
16	110	-5.641886958e-11
17	115	-4.714451052e-12
18	122	-4.015277e-11
19	124	1.351629919e-11
20	119	-1.03881348e-11
21	112	-2.117239717e-11
22	107	-4.282618704e-11
23	109	7.33990646e-12
24	150	-6.695088928e-12
25	131	-2.845546021e-11
26	106	-2.784439346e-11
27	118	-5.235634148e-11
28	126	3.961098116e-11
29	117	-1.299227392e-11
30	111	-7.585043704e-12
31	104	-3.485745026e-11
33	100	-8.027001286e-11
34	101	-2.725286663e-11
35	105	-5.440625728e-11
36	112	4.42312853e-13
37	114	-3.686650984e-11
38	112	-1.343103406e-11
39	109	-8.387956996e-11
40	107	-1.691091711e-12
41	118	1.570299446e-11
42	115	-2.967226465e-11
43	103	1.228883661e-11
44	102	-3.707967267e-11
45	105	-1.90887306e-11
46	102	-1.174349507e-11
49	103	9.819700608e-12
50	105	2.129318943e-11
51	108	3.504574408e-11
52	109	4.803268894e-12
53	109	-1.54543045e-12
54	110	-2.572697611e-11
55	111	-3.455014053e-11
56	110	7.945644143e-12
57	110	4.348166271e-11
58	110	2.204636473e-11
59	109	1.933386784e-11
60	110	7.798206525e-12
61	111	9.293898984e-12
62	111	-1.033484409e-11
63	107	-2.624034323e-11
64	155	-5.126032931e-11
65	185	-5.234390699e-11
66	203	-4.473221793e-11
67	189	-3.52837759e-11
68	157	2.587441372e-11
69	132	-3.048938879e-11
70	127	-3.42303963e-12
71	131	-7.240430477e-12
72	138	-3.532107939e-11
73	166	-1.328892552e-11
74	188	-1.725908305e-11
75	163	-3.477573784e-11
76	112	-9.011458246e-12
77	116	1.975308805e-12
78	121	-1.533528859e-11
79	122	-5.313793849e-11
80	126	-2.521005626e-11
81	130	-4.704325818e-11
82	133	-3.709210716e-11
83	132	-2.113154096e-11
84	131	-4.826361533e-11
85	125	-7.787548384e-12
86	126	-2.415845302e-12
87	130	2.522426712e-11
88	168	-5.440448092e-11
89	173	6.751932347e-12
90	137	-3.653788383e-11
91	151	-3.648636948e-11
92	140	-3.102229584e-11
93	136	-1.08446585e-11
94	151	1.471178734e-11
95	154	3.077360589e-11
96	139	-3.640288071e-11
97	128	-3.118216796e-11
98	125	-5.085709631e-11
99	120	-6.631672989e-11
100	122	-2.631317386e-11
101	129	-3.240785418e-11
102	132	1.836220065e-11
103	130	-7.439204808e-11
104	122	-7.798206525e-13
105	120	8.615330671e-13
106	122	3.672084858e-11
107	118	-1.601740962e-11
108	111	-7.553069281e-12
109	104	-5.170086581e-11
110	103	-3.741718047e-11
111	107	-1.426236906e-11
112	114	-4.169109502e-12
113	121	1.445066289e-12
114	120	8.890665981e-13
115	121	5.180211815e-11
116	120	-2.177102942e-11
117	118	5.115730062e-11
118	117	2.310329705e-11
119	117	-1.82076576e-12
120	117	4.199307568e-12
121	116	1.342659317e-11
122	116	4.245137575e-11
123	117	-5.135447623e-12
124	115	2.162003909e-11
125	117	1.443645203e-11
126	118	-3.696154494e-11
127	118	-2.04263273e-11
128	152	-7.664979762e-12
129	147	2.622257966e-11
130	159	-2.113864639e-13
131	188	1.932232152e-11
132	202	-2.680078381e-11
133	187	5.498890232e-11
134	153	-2.095568163e-11
135	134	4.455991132e-12
136	137	-4.28279634e-11
137	158	-5.034905826e-11
138	189	-2.754152462e-11
139	185	8.33466629e-12
140	140	3.863576126e-12
141	123	-3.248690206e-11
142	126	1.545163997e-11
143	126	-2.712585712e-11
144	126	-1.911626413e-11
145	126	-8.565059773e-11
146	128	-4.126210484e-11
147	129	-6.126121832e-11
148	130	-2.800959464e-11
149	138	1.702549213e-11
150	157	2.436539859e-11
151	183	-6.404654584e-12
152	192	-1.853184273e-11
153	170	-6.294698096e-11
154	119	-2.703082203e-11
155	144	-5.557865279e-11
156	162	-7.122391565e-11
157	151	-3.633715551e-11
158	162	-5.660982794e-11
159	156	8.770761895e-12
160	155	-9.924505662e-12
161	162	6.529177199e-11
162	153	2.786215703e-12
163	146	-3.029665407e-11
164	136	-4.428102329e-11
165	134	-8.808065388e-12
166	134	-3.610445276e-12
167	134	-1.852384912e-11
168	130	-5.267519754e-11
169	114	-1.066613464e-11
170	117	-1.667999072e-12
171	134	-2.65707456e-11
172	135	3.828937167e-11
173	125	-1.882760614e-11
174	127	-1.839151054e-11
175	127	-2.824673828e-11
176	132	2.73159273e-11
177	130	4.466649273e-11
178	128	4.522249242e-11
179	125	-4.098588136e-11
180	125	-3.180655739e-11
181	125	1.336442068e-11
182	125	1.191580168e-11
183	126	-3.929478964e-11
184	124	-3.164579709e-12
185	123	-3.519851077e-12
186	124	-2.273470301e-11
187	125	-2.147348965e-11
188	124	1.148503515e-11
189	126	3.263167514e-11
190	126	-1.825206652e-11
191	124	-1.101696512e-11
192	174	-2.206768102e-11
193	167	-6.091127602e-11
194	161	-2.220801321e-11
195	159	-4.635403172e-12
196	179	1.374811376e-11
197	202	-3.357492062e-11
198	186	-1.250022308e-11
199	149	4.059863556e-12
200	146	-3.494982082e-11
201	145	-1.685407369e-11
202	180	-8.052136735e-11
203	203	-1.561595298e-11
204	159	-3.364331036e-11
205	137	1.057820498e-12
206	140	-2.888178585e-11
207	138	1.092814728e-11
208	135	-3.683275906e-12
209	130	-2.418509837e-11
210	128	-1.625899415e-11
211	126	-1.688515994e-11
212	122	-8.064660051e-13
213	133	-5.163780514e-11
214	181	3.345768107e-12
215	210	-4.198685843e-11
216	199	1.577582509e-11
217	157	-1.394706572e-11
218	141	-1.847322295e-11
219	127	-1.03304032e-11
220	136	2.25499619e-11
221	147	6.80078216e-12
222	132	-2.017319645e-11
223	123	-1.128963589e-11
224	133	-2.453948156e-11
225	153	-5.084466181e-11
226	163	-1.342304046e-11
227	163	-3.467626186e-11
228	145	-5.62572211e-11
229	134	-3.428191064e-11
230	126	3.884004229e-12
231	118	-3.267608406e-12
232	123	-2.571631796e-11
233	122	1.153566132e-11
234	119	3.950351157e-11
235	133	-3.354649891e-12
236	151	-1.701661034e-11
237	154	1.189093268e-11
238	163	-2.500399887e-11
239	162	3.906475143e-11
240	155	-4.508837748e-11
241	154	1.052846699e-11
242	142	3.147082595e-11
243	127	-3.559819106e-12
244	125	3.397992998e-11
245	124	1.940048122e-11
246	123	-5.723421737e-12
247	125	-1.383870796e-11
248	122	2.621725059e-11
249	123	-7.039702155e-12
250	124	-4.520828156e-13
251	125	1.892441759e-11
252	126	3.111733093e-11
253	126	-3.946176719e-12
254	125	1.606537126e-11
255	123	-1.697042507e-11
256	179	1.467359567e-11
257	177	-4.42970105e-11
258	175	-1.197619781e-11
259	174	-3.664091253e-11
260	173	-6.437694822e-11
261	183	-2.182076742e-11
262	185	4.435563028e-12
263	174	-4.627498384e-11
264	174	6.667555397e-12
265	162	-1.697664231e-11
266	169	5.250910817e-12
267	197	-2.842881486e-11
268	172	-2.88631341e-11
269	150	-2.580868852e-11
270	154	-6.478195758e-11
271	152	-5.381028956e-11
272	148	-3.304823082e-11
273	144	-4.857447777e-11
274	142	-4.817035659e-11
275	140	-1.431743613e-12
276	134	-7.582023898e-11
277	156	-1.988098575e-11
278	210	-1.349054202e-11
279	198	2.278088829e-11
280	147	-2.29283259e-11
281	132	2.485744943e-11
282	132	-2.248778941e-11
283	136	-4.341416115e-11
284	139	9.139355939e-12
285	142	-4.370903639e-11
286	147	-5.417000182e-12
287	143	-1.616751177e-11
288	153	3.340439036e-12
289	137	-1.844568942e-11
290	130	-3.373301638e-12
291	162	4.275690912e-11
292	145	-1.638689184e-11
293	122	-3.735944887e-11
294	132	-6.216538395e-11
295	141	-4.580691382e-11
296	134	-5.82822679e-11
297	137	1.204902844e-11
298	132	9.5772279e-12
299	136	1.341859956e-11
300	140	-1.066169375e-11
301	143	-2.037037206e-11
302	151	2.356692619e-11
303	156	-7.255529511e-12
304	161	-2.437516855e-11
305	153	-3.223377121e-11
306	150	-1.522426629e-11
307	139	-1.807531902e-11
308	143	1.040234565e-11
309	135	2.198774496e-11
310	123	-1.187849819e-11
311	117	-7.305267502e-12
312	116	-4.388223118e-11
313	116	-3.077538224e-12
314	117	4.399414166e-11
315	120	2.671374233e-11
316	121	2.180300385e-11
317	123	1.692068707e-11
318	125	4.329248071e-11
319	127	1.652544768e-11
320	198	-4.859224134e-12
321	195	-7.168488025e-12
322	193	1.194688792e-11
323	198	-2.837818869e-11
324	202	-5.669242853e-12
325	190	1.927968896e-11
326	182	2.708766544e-11
327	191	-4.671818488e-12
328	190	2.865263582e-12
329	168	-1.605204858e-11
330	166	-4.441069734e-11
331	195	-6.920242157e-11
332	212	-7.267519919e-11
333	172	-2.968558732e-11
334	158	-2.587352554e-11
335	164	-3.834532691e-11
336	167	-1.767652691e-11
337	168	-5.146993942e-11
338	168	7.39053263e-12
339	168	-8.152145625e-11
340	152	-8.437694987e-14
341	177	-1.29025679e-11
342	207	-3.914291113e-11
343	148	-2.427569257e-11
344	125	-2.199751492e-11
345	128	9.362288722e-12
346	132	-2.412292588e-11
347	146	2.504041419e-11
348	162	-1.591171639e-11
349	167	-1.616484724e-11
350	165	-7.044587136e-11
351	174	-1.26432198e-11
352	170	-3.942179916e-11
353	159	-3.104716484e-11
354	154	4.543032617e-12
355	149	9.139355939e-12
356	140	3.579092578e-11
357	119	-2.895639284e-11
358	119	8.744116542e-12
359	132	-7.39879269e-11
360	141	-5.081179921e-11
361	162	-2.784616981e-11
362	190	1.823963203e-11
363	151	4.591349523e-11
364	140	2.119460163e-11
365	153	1.720401599e-11
366	151	-1.940669847e-11
367	168	4.921396624e-12
368	194	-3.574029961e-12
369	175	5.184386254e-11
370	146	-2.616484807e-11
371	133	-8.945733043e-12
372	124	-1.507549641e-11
373	128	5.78213033e-11
374	135	-1.172661968e-11
375	134	-4.742028992e-11
376	141	8.626876991e-12
377	140	3.660760584e-11
378	129	-1.392796989e-11
379	120	8.165912391e-12
380	117	3.86215504e-11
381	121	8.948841668e-12
382	127	3.840483487e-12
383	129	7.872813512e-12
384	216	2.561506562e-12
385	211	7.655653889e-12
386	208	-4.898437211e-11
387	210	-4.443201362e-11
388	212	-4.249267604e-11
389	208	1.941202754e-11
390	202	-3.671729587e-11
391	202	-6.254108342e-12
392	195	9.848122318e-12
393	175	8.342215807e-12
394	169	-4.402300746e-11
395	197	-5.063194308e-11
396	216	6.061817714e-13
397	201	-7.098144295e-11
398	176	-3.134958959e-11
399	181	-4.192068914e-11
400	178	9.086953412e-12
401	171	-1.413402728e-11
402	163	-5.810019132e-12
403	156	-4.004929721e-11
404	148	-2.105249308e-11
405	176	-7.363087917e-11
406	169	-3.407274463e-11
407	140	-3.685229899e-11
408	150	-1.144551121e-11
409	155	-4.789990626e-11
410	156	-2.271427491e-11
411	152	1.746780498e-11
412	142	1.946354189e-11
413	139	-3.241895641e-11
414	144	-6.155120857e-11
415	148	-5.054445751e-11
416	144	-4.448397206e-11
417	140	-7.571276939e-12
418	147	-1.516564652e-11
419	162	3.391820158e-11
420	158	-3.746203348e-11
421	139	-8.040235144e-12
422	137	-1.571054398e-11
423	149	-3.212541344e-12
424	182	-1.50346402e-11
425	173	-3.36788375e-11
426	180	-1.395861204e-11
427	182	-2.006705913e-11
428	125	1.3495427e-11
429	145	-3.59956509e-11
430	183	-5.803801884e-12
431	196	-7.45021822e-11
432	185	-3.1266989e-11
433	164	-8.682921049e-11
434	148	-5.416112003e-11
435	144	-8.608669333e-12
436	139	-4.367439743e-11
437	162	-1.38946632e-11
438	166	-1.448885456e-11
439	156	3.001732196e-11
440	153	2.598365967e-11
441	156	-3.716937869e-11
442	156	-8.229239512e-11
443	153	-8.695266729e-12
444	140	-1.151923001e-11
445	126	-1.392086446e-11
446	129	4.270672704e-11
447	136	3.579359031e-12
448	218	8.46434034e-12
449	214	-3.079936306e-11
450	213	-4.013855914e-11
451	214	-3.409894589e-11
452	218	-2.41180409e-11
453	216	-3.996580844e-11
454	217	-4.128786202e-11
455	213	6.491607252e-11
456	212	-6.943778885e-11
457	203	-1.16679999e-11
458	196	-1.997291221e-11
459	199	-3.149569494e-11
460	213	-6.121458895e-11
461	218	-3.084466016e-11
462	185	-5.027089856e-12
463	175	-2.616529216e-11
464	174	-3.660449721e-11
465	171	-3.524291969e-11
466	171	-1.441069486e-11
467	172	-3.201039434e-11
468	175	-1.615774181e-11
469	177	-2.296918211e-11
470	178	-2.53610466e-11
471	183	-6.552625109e-11
472	184	-3.800337822e-11
473	178	-3.715960872e-11
474	169	-4.050804137e-11
475	161	-2.237321439e-11
476	160	-7.265299473e-12
477	159	1.313615883e-12
478	158	-5.556355376e-11
479	154	-4.777245266e-11
480	150	-8.137313046e-11
481	146	-6.271605457e-11
482	139	1.559374851e-11
483	139	2.753353101e-14
484	167	-3.06865644e-11
485	186	2.792788223e-11
486	192	4.291678124e-12
487	212	-6.435474376e-11
488	212	-1.362021607e-11
489	201	-4.241584861e-11
490	185	-6.211919867e-11
491	178	-3.70041775e-11
492	195	-4.169820045e-11
493	183	-1.236966085e-11
494	152	-1.411493145e-11
495	149	-2.826183731e-11
496	154	-5.109068724e-11
497	153	-6.544631503e-11
498	143	-3.737987697e-11
499	151	1.994493459e-11
500	185	3.991473818e-12
501	197	6.142641951e-12
502	187	-1.052313792e-11
503	194	-3.044053898e-11
504	189	2.585043291e-11
505	169	-3.06412673e-11
506	149	-5.212008602e-11
507	142	-4.059597103e-11
508	148	-2.715694336e-11
509	149	-1.741895517e-11
510	164	5.36193312e-12
511	159	-8.953726649e-12
512	224	-2.594369164e-12
513	220	-1.780975367e-11
514	217	-2.819966483e-12
515	213	-3.777422819e-12
516	212	-8.686384945e-13
517	223	-1.381383896e-11
518	236	-2.622346784e-11
519	227	-5.182609897e-11
520	216	-5.411759929e-11
521	208	3.309352792e-12
522	209	-1.481748058e-11
523	210	-4.048938962e-11
524	216	3.165467888e-12
525	219	-4.409894672e-11
526	200	-6.496314597e-11
527	196	4.833999867e-11
528	195	-1.264499616e-11
529	195	1.916777848e-11
530	196	-3.920330727e-11
531	204	-8.4865448e-12
532	211	-3.31850103e-11
533	216	-3.261213521e-11
534	220	-5.440092821e-11
535	212	-5.006661752e-11
536	205	-2.818989486e-11
537	193	-3.000799609e-11
538	181	-3.244515767e-11
539	181	-6.094325045e-11
540	183	-2.266897781e-11
541	180	-6.687717047e-11
542	172	-4.868816461e-11
543	169	-4.942712906e-11
544	162	-2.466826743e-11
545	158	-3.461408937e-11
546	163	-2.828848267e-11
547	174	-1.023181539e-11
548	194	-1.596234256e-11
549	201	-1.697575414e-11
550	201	-2.480327055e-11
551	207	-5.370903722e-11
552	210	-4.224087746e-11
553	217	-6.770228822e-11
554	219	-3.796252201e-11
555	197	-2.764544149e-11
556	185	-5.502176492e-11
557	185	-1.360067614e-11
558	180	-3.374100999e-11
559	152	-3.970157536e-11
560	175	1.501643254e-11
561	174	-2.868993931e-11
562	153	-6.399147878e-11
563	150	-7.940315072e-12
564	152	-2.002309429e-11
565	159	1.076383427e-11
566	165	6.003197939e-12
567	168	-1.900701818e-13
568	167	1.414424133e-11
569	173	2.565236912e-11
570	178	2.276134836e-11
571	182	-3.531397397e-12
572	195	-3.85353971e-11
573	194	-2.87645463e-11
574	182	-1.802913374e-11
575	184	-3.794209391e-11
576	228	1.903455171e-11
577	225	1.331645905e-11
578	226	-2.202682481e-13
579	223	-4.545075427e-11
580	222	-6.213340953e-11
581	236	-5.88995519e-11
582	234	-7.596767659e-11
583	223	-6.930545027e-11
584	219	-1.765609881e-11
585	226	-1.464428578e-11
586	234	-2.474642713e-11
587	238	-3.633715551e-11
588	236	2.854605441e-12
589	232	-5.771383371e-11
590	212	-6.814637743e-11
591	204	-3.736388976e-11
592	211	8.068212765e-12
593	211	-3.996092346e-11
594	209	-4.441602641e-11
595	204	-5.220712751e-11
596	204	-1.318056775e-12
597	201	-4.842348744e-12
598	197	-7.090683596e-11
599	189	3.137046178e-12
600	183	-6.366462912e-11
601	185	-3.646327684e-11
602	193	-6.933831287e-11
603	200	1.952216167e-11
604	205	-4.720135394e-11
605	204	-3.373301638e-12
606	203	-3.788436231e-11
607	205	-3.750777466e-11
608	206	-6.106404271e-11
609	206	-6.550315845e-11
610	209	-4.554401301e-11
611	200	-5.691092042e-11
612	191	-1.863753596e-11
613	182	-4.002131959e-11
614	180	5.691447313e-12
615	182	-7.807265945e-11
616	190	-6.578559919e-11
617	196	-5.20756771e-11
618	197	-4.302336265e-11
619	196	-4.522249242e-11
620	167	-3.983835484e-11
621	142	-5.615952148e-11
622	160	-9.368861242e-11
623	186	2.076028238e-11
624	206	-1.300826113e-11
625	199	-3.106315205e-11
626	179	-1.838529329e-11
627	180	-3.695177497e-11
628	182	-5.40474332e-11
629	189	-2.076916417e-11
630	170	2.771116669e-11
631	160	-4.714451052e-12
632	170	9.888978525e-12
633	187	-2.490452289e-11
634	194	-5.547562409e-12
635	197	-9.467981954e-13
636	196	-4.755307259e-12
637	198	-6.494182969e-11
638	192	-4.838796031e-11
639	175	2.33111308e-11
640	235	-5.316991292e-11
641	228	-1.737809896e-11
642	226	1.411848416e-11
643	232	2.051159242e-11
644	230	-5.389466651e-11
645	225	-3.964828466e-11
646	214	-5.467093445e-11
647	210	-7.135092517e-11
648	216	-7.225686716e-11
649	220	-1.84545712e-11
650	215	-2.557776213e-11
651	214	-6.058620272e-11
652	218	-3.040767638e-11
653	225	-1.921129922e-11
654	222	-5.585043539e-11
655	211	-8.279243957e-11
656	211	-6.585310075e-11
657	207	-5.727507357e-11
658	202	-3.620925781e-11
659	207	-4.083133831e-11
660	207	-8.27338198e-11
661	204	-4.03215239e-11
662	201	1.590194643e-11
663	209	-6.48796572e-11
664	212	-4.513012186e-11
665	185	-3.08553183e-11
666	160	1.772804126e-12
667	147	-6.291145382e-11
668	144	-6.245670647e-11
669	183	-1.79198878e-11
670	209	-7.000089397e-11
671	209	-6.712141953e-11
672	207	-4.230749084e-11
673	206	-6.035172362e-11
674	200	-5.088551802e-11
675	192	3.515410185e-11
676	189	-4.862954484e-11
677	191	3.122835324e-12
678	182	-1.791278237e-11
679	167	-1.801225835e-11
680	161	-8.506972904e-12
681	163	-4.109423912e-11
682	162	-5.777245349e-11
683	175	-8.775913329e-11
684	193	-5.429789951e-11
685	176	-7.754330511e-11
686	167	-3.216094058e-11
687	173	-8.064660051e-12
688	182	-5.342926102e-11
689	195	1.131894578e-11
690	205	5.379696688e-11
691	205	-1.86357596e-11
692	202	-7.683098602e-11
693	206	-5.460165653e-11
694	204	-5.55537838e-11
695	193	1.449507181e-11
696	190	-5.232614342e-11
697	192	4.380495966e-12
698	183	-1.415578765e-11
699	188	-4.265743314e-11
700	195	-5.004885395e-11
701	195	-4.860112313e-12
702	194	-5.036859818e-11
703	186	-9.68380931e-11
704	227	-1.165414432e-10
705	227	-2.825473189e-11
706	226	-5.666578318e-13
707	225	-4.039613088e-11
708	222	-2.270184041e-11
709	217	-1.855937626e-11
710	216	-4.220979122e-11
711	213	-4.349942628e-11
712	211	-1.000195482e-10
713	211	-5.224620736e-11
714	209	-9.136158496e-11
715	205	-5.228706357e-11
716	205	-5.541167525e-11
717	205	-4.79722928e-11
718	206	-8.568967758e-11
719	208	-2.759037443e-11
720	206	-3.57118779e-11
721	206	-1.161648555e-10
722	204	-6.061640079e-11
723	164	-2.592948078e-11
724	137	1.090683099e-12
725	161	-7.140954494e-11
726	182	1.949018724e-11
727	150	-9.447376215e-11
728	128	-7.620926112e-11
734	101	-6.792788554e-12
735	125	-4.400213527e-11
736	145	-3.747580024e-11
737	142	-4.626699024e-11
738	122	-6.556355459e-11
739	114	-7.519496137e-11
742	136	-8.260059303e-11
743	164	-7.770495358e-11
744	181	-8.469847046e-11
745	176	-3.023892248e-11
746	161	-9.528200451e-11
747	162	-8.783374028e-11
748	180	-1.134026206e-11
749	199	-3.730526998e-11
750	203	-6.065548064e-11
751	194	-5.344702458e-11
752	187	-2.200195581e-11
753	189	-4.337330495e-11
754	200	-4.632383366e-11
755	196	-7.712586125e-11
756	191	-1.211120093e-11
757	192	-6.774492078e-11
758	192	-6.949463227e-11
759	200	-3.54525298e-11
760	199	-7.07611747e-11
761	195	-1.394084848e-11
762	194	-6.544631503e-11
763	197	-4.022737699e-11
764	190	-2.287769973e-11
765	182	-3.296030116e-11
766	177	-9.732303852e-11
767	167	-3.048938879e-11
768	222	-5.571187955e-11
769	218	-1.065885158e-10
770	218	-2.301270285e-11
771	220	-4.043343438e-11
772	221	-3.731237541e-11
773	220	-8.523315387e-11
774	218	-3.391775749e-11
775	217	-1.115409987e-10
776	214	-8.433431731e-11
777	211	-9.636735854e-11
778	206	-3.753619637e-11
779	207	-1.851852005e-11
780	209	-8.225597981e-11
781	210	-1.706013109e-11
782	209	-5.809397408e-11
783	205	9.134026868e-12
784	210	-1.13931975e-10
785	202	-5.173461659e-11
786	125	-3.5543124e-11
808	102	-2.588507186e-11
809	134	-6.13731288e-12
810	152	-6.696865285e-13
811	167	-1.371880387e-11
812	157	-2.470557092e-11
813	127	-5.736211506e-11
814	122	-2.830979895e-11
815	136	-4.829558975e-11
816	170	-1.552535878e-12
817	178	-8.067679858e-11
818	171	-3.3855585e-11
819	176	-4.231992534e-11
820	177	-1.843680764e-11
821	181	-6.371791983e-11
822	175	-3.880451516e-11
823	172	-3.773159563e-11
824	181	-4.048139601e-11
825	190	8.395062423e-12
826	193	-2.25828245e-11
827	184	-3.764100143e-12
828	176	-3.415934202e-11
829	177	-5.464251274e-11
830	180	-7.875300412e-11
831	175	-2.338573779e-11
832	232	-3.904254697e-11
833	229	-3.407407689e-11
834	226	-1.390354498e-11
835	227	-5.356781685e-11
836	224	-3.369748924e-12
837	221	9.070078022e-12
838	221	-1.18820509e-11
839	221	-9.323741779e-11
840	219	-5.971934058e-11
841	219	-7.939071622e-11
842	214	-5.467093445e-11
843	200	-3.272937477e-11
844	191	-4.400035891e-11
845	182	-6.023981314e-11
846	179	-7.894129794e-12
847	184	-6.503242389e-12
848	165	-4.350830807e-11
881	130	-2.222577677e-11
882	171	3.587530273e-11
883	167	-3.113598268e-11
884	160	-1.815081418e-11
885	165	-3.25428573e-11
886	161	-1.293187779e-11
887	155	-4.951417054e-11
888	156	-4.795808195e-11
889	164	-4.595079872e-11
890	161	-4.713740509e-11
891	154	3.700151296e-11
892	157	-2.19735341e-11
893	162	1.069722089e-11
894	161	-3.02051717e-11
895	154	-3.635847179e-11
896	172	-6.598810387e-11
897	172	-1.328714916e-11
898	182	-4.366995654e-11
899	182	-7.145928294e-11
900	197	-4.33750813e-11
901	208	-5.227107636e-11
902	203	-3.366906753e-11
903	203	-4.330757974e-11
904	198	-4.368416739e-11
905	177	-2.853184355e-11
906	119	-5.353584243e-11
910	104	-5.13722398e-12
946	109	-3.297984108e-11
947	161	-4.387956665e-11
948	170	-4.398259534e-12
949	165	2.025046797e-12
950	157	-2.533795396e-11
951	151	-3.5946357e-11
952	150	2.163957902e-11
953	147	4.458655667e-12
954	147	-1.058708676e-12
955	146	-4.672884302e-11
956	145	-3.534239568e-11
957	143	-2.779643182e-11
958	140	-2.385291964e-11
959	135	-3.913314117e-11
960	106	-4.040856538e-11
961	108	-7.174705274e-11
962	111	-6.298961353e-11
963	104	-3.21271898e-11
964	111	-2.417621658e-11
965	112	-3.139533078e-11
966	105	-6.861711199e-11
967	108	5.382361223e-12
973	101	-4.304467893e-11
975	104	5.414335646e-12
1012	114	-3.462830023e-11
1013	132	-9.624301356e-12
1014	149	1.536193395e-11
1015	152	-3.63868935e-11
1016	147	-7.424105775e-11
1017	146	-3.431210871e-11
1018	143	-2.042810365e-11
1019	142	-1.772804126e-11
1020	137	-2.568256718e-11
1021	136	-1.991651288e-11
1022	135	-3.585398645e-11
1023	131	-6.703970712e-12
1024	107	7.496225862e-13
1025	101	-6.455280754e-11
1026	101	-5.510258916e-11
1034	101	5.574207762e-12
1035	103	-3.392131021e-11
1036	111	-6.827249877e-11
1039	102	-1.669775429e-13
1056	101	1.593747356e-11
1057	115	1.804778549e-12
1058	117	-1.61293201e-11
1059	105	-3.42055273e-11
1079	116	-1.984901132e-11
1080	140	-4.428102329e-11
1081	142	-6.133404895e-11
1082	143	-5.002576131e-11
1083	140	-1.778488468e-11
1084	140	-5.538680625e-11
1085	142	-3.268141313e-11
1086	143	-3.289812867e-11
1087	142	9.084288877e-12
1093	111	-5.347189358e-11
1099	108	-4.031264211e-11
1100	106	-2.392752663e-11
1101	102	-2.191313797e-11
1102	107	-8.363088e-12
1118	120	-4.847677815e-11
1119	155	-3.189626341e-11
1120	174	-1.984901132e-11
1121	125	1.206856837e-11
1137	108	-6.020783871e-11
1138	101	-2.942357469e-11
1146	109	-1.684696826e-11
1147	127	-4.472866522e-11
1148	130	8.306244581e-12
1149	131	-1.400124461e-11
1150	131	-8.119371842e-11
1151	130	-2.415845302e-12
1152	105	-7.283063042e-12
1153	102	-1.723066134e-11
1154	108	-1.138644734e-11
1155	106	-7.23332505e-12
1156	101	-2.959765766e-11
1182	136	1.791278237e-11
1183	149	1.659472559e-11
1184	107	1.975308805e-12
1202	109	3.868905196e-12
1203	101	-2.134115107e-11
1225	101	2.591704629e-11
1226	127	3.378630709e-12
1228	112	1.525179982e-11
1231	118	6.583178447e-12
1241	117	-1.228173119e-11
1242	102	2.361844054e-11
1267	155	-6.590283874e-11
1268	144	-3.5946357e-11
1269	114	-1.714894893e-11
1288	110	-4.748557103e-11
1289	115	-3.116440439e-11
1290	107	-1.233146918e-11
1291	117	-2.948752353e-12
1294	110	-3.340616672e-11
1304	147	9.112710586e-12
1307	142	2.200195581e-11
1333	116	3.197442311e-14
1334	127	-3.305444807e-11
1335	111	-1.326938559e-11
1336	120	-1.647038061e-11
1337	106	-3.987210562e-11
1354	111	-4.806821607e-12
1358	112	-1.437427954e-11
1366	112	5.036682182e-11
1367	154	1.833200258e-11
1368	121	-2.581046488e-11
1369	132	1.629274493e-11
1370	160	-3.934630399e-11
1371	112	6.611600156e-12
1381	127	-1.417532758e-11
1385	111	-2.074784788e-11
1386	101	-2.151523404e-11
1400	144	1.260858085e-11
1401	115	4.359179684e-12
1415	118	-4.689582056e-12
1416	127	-1.868727395e-12
1417	110	-1.191580168e-11
1425	109	-3.57118779e-11
1426	106	3.76871867e-11
1428	108	1.241318159e-11
1429	132	5.652722734e-11
1430	144	8.937561802e-11
1431	124	1.85451654e-12
1432	121	4.117239882e-11
1433	107	4.551026223e-11
1444	105	-2.555822221e-11
1445	151	3.065991905e-12
1463	113	-6.507860917e-11
1464	132	-1.320543674e-11
1472	101	-3.416289474e-11
1473	103	1.764988156e-11
1474	103	-2.876276994e-11
1475	102	-2.373212737e-12
1486	120	9.098499731e-12
1487	123	5.292832839e-11
1488	121	3.936051485e-11
1491	120	-1.530864324e-11
1492	154	4.525446684e-11
1493	134	4.329336889e-11
1494	107	6.539124797e-11
1508	140	-5.169198403e-12
1515	126	4.974864964e-11
1516	110	5.663380875e-11
1546	105	-5.566036521e-11
1547	101	8.344613889e-11
1549	102	3.447908625e-11
1555	150	-5.645262036e-12
1556	108	2.366462581e-11
1563	102	5.279332527e-12
1571	141	-2.108535568e-11
1579	148	-1.638156277e-11
1580	135	2.488675932e-11
1609	106	-6.934897101e-12
1610	102	1.203304123e-11
1626	119	-7.467804153e-12
1643	126	4.657607633e-11
1644	120	4.012434829e-11
1663	115	2.039968194e-11
1680	125	3.700506568e-11
1681	105	-2.988898018e-11
1685	103	-3.808153792e-11
1693	105	2.202682481e-11
1744	102	7.021583315e-11
1745	116	-1.97140082e-11
1746	130	9.883649454e-12
1747	112	6.096456673e-12
1748	114	9.983125437e-12
1752	102	3.684164085e-11
1753	127	1.476863076e-11
1764	107	2.352962269e-11
1815	111	4.07247569e-11
1816	117	2.559374934e-11
1820	109	3.264233328e-11
1821	101	2.349764827e-11
1879	105	3.772981927e-11
1882	100	-3.034017482e-12
1883	125	4.222755479e-11
1884	131	6.185274515e-12
1885	110	1.059419219e-11
1910	121	1.150368689e-11
1911	106	2.979305691e-11
1912	102	1.9648283e-11
1917	105	-5.467448716e-11
1918	117	-7.118572398e-11
1944	115	2.345679206e-11
1945	122	1.993427645e-11
1946	120	-2.068212268e-11
1957	110	5.82698334e-11
1970	111	-4.625455574e-11
1971	116	-5.722178287e-11
1972	100	-1.676347949e-11
1973	112	-3.817390848e-11
1974	145	3.233324719e-11
1975	128	-4.408917675e-11
1979	114	-5.264233494e-11
1980	129	-3.456790409e-11
1981	128	-3.061373377e-11
2021	108	1.937472405e-11
2032	109	1.484856682e-11
2033	136	-2.823874468e-11
2034	113	-8.131451068e-11
2036	113	-4.737188419e-11
2037	137	5.080380561e-13
2038	113	-5.978506579e-11
2044	102	-1.187672183e-11
2045	109	-4.976818957e-11
2095	121	1.270450412e-11
2096	126	2.89457347e-11
2097	112	5.181632901e-12
2098	101	1.44009249e-11
2099	112	-2.140509991e-11
2100	132	-6.238387584e-11
2101	102	-1.910116509e-11
2108	103	-1.752376022e-11
2159	110	-5.104361378e-11
2160	115	-6.727862711e-11
2166	118	-1.376587733e-11
2167	129	-4.455991132e-11
2168	136	-1.864730592e-11
2169	154	1.566746732e-12
2170	141	-4.497824335e-11
2171	136	-6.444711431e-11
2172	114	-4.393463371e-11
2208	102	1.535926941e-11
2225	102	-7.911715727e-11
2226	122	-1.683808648e-11
2227	111	-6.861000656e-11
2229	142	-5.681766169e-11
2230	163	-6.921307971e-11
2231	146	-1.227933311e-10
2232	149	-9.783551747e-11
2233	140	-7.866152174e-11
2234	122	-9.304557125e-12
2235	110	-1.104893954e-11
2236	127	-4.817479748e-12
2237	148	-1.18302701e-10
2289	130	-2.608357974e-11
2290	115	-3.443645369e-11
2295	113	-9.122969047e-11
2296	133	-3.032907259e-11
2297	109	-6.718181567e-11
2300	110	2.775957242e-11
2317	104	-1.929478799e-11
2318	119	3.857181241e-11
2319	106	2.429567658e-11
2350	101	-1.276756478e-11
2351	114	-4.774936002e-11
2352	118	-7.232880961e-11
2360	104	-2.292921408e-11
2361	118	3.260947068e-11
2362	112	-6.045564049e-11
2363	101	6.456790658e-11
2367	107	9.399592216e-12
2379	123	-1.568878361e-11
2380	127	-1.37383438e-11
2381	108	6.256328788e-12
2430	105	4.494182804e-12
2431	102	1.050004528e-11
2441	128	-1.471622824e-11
2442	134	7.348033293e-11
2443	114	-4.281242028e-11
2503	129	1.344258038e-12
2504	128	-2.145217337e-11
2505	118	-1.28204114e-11
2506	109	1.844835396e-11
2507	105	1.662892046e-11
2565	141	-1.190159082e-13
2566	136	6.384226481e-12
2567	113	-3.161737538e-11
2568	108	4.727773728e-12
2569	114	1.409983241e-11
2570	124	2.052313874e-11
2620	113	1.186517551e-11
2621	117	-2.643574248e-11
2627	139	1.715694253e-11
2628	170	6.791101015e-11
2629	130	-3.92841315e-11
2630	101	-4.29389857e-11
2631	109	2.952038614e-11
2632	104	-1.006483785e-11
2633	120	-6.348699344e-12
2634	107	-7.522693579e-11
2666	119	-5.265299308e-11
2667	120	-4.151168298e-11
2668	103	3.588240816e-12
2676	123	2.041922187e-11
2677	108	-4.181899271e-11
2680	105	-2.094324714e-11
2681	113	3.712585794e-13
2684	148	-8.699707621e-11
2685	108	2.609290561e-11
2688	105	5.992006891e-11
2690	150	-1.073416911e-10
2691	147	2.19735341e-11
2692	122	8.242295735e-12
2693	107	1.078959144e-11
2694	116	-1.931255156e-11
2695	110	-1.888800227e-11
2696	118	-1.887201506e-11
2727	110	-2.913225217e-13
2728	129	-1.170974429e-11
2729	139	-3.505107316e-11
2730	133	7.608136343e-12
2731	131	-5.199041198e-11
2732	140	-7.105427358e-12
2733	145	8.613021407e-11
2734	133	-1.361222246e-11
2735	116	2.266631327e-12
2736	106	2.25046648e-11
2737	125	-6.128431096e-12
2738	131	3.264233328e-11
2739	138	-1.495834567e-10
2740	133	-3.383249236e-11
2741	131	-4.928679687e-11
2742	134	-1.784528081e-11
2743	145	-5.521272328e-11
2744	144	5.026024041e-11
2745	139	4.282441068e-11
2746	143	-2.48423504e-11
2747	146	4.654587826e-11
2752	134	-3.998934517e-11
2753	143	-2.296118851e-11
2754	125	-1.475619626e-11
2755	112	6.256861695e-11
2756	120	-5.197264841e-11
2757	119	5.349676258e-11
2758	113	1.454658616e-11
2759	111	-1.028332974e-11
2789	109	-5.867306641e-12
2790	112	-1.518785098e-11
2791	134	-4.884803673e-11
2792	134	7.643130573e-11
2793	125	3.291944495e-11
2794	136	-6.510347816e-11
2795	138	-1.789146609e-11
2796	128	5.21005461e-12
2797	114	-7.872813512e-12
2798	122	-4.516031993e-11
2799	141	-4.511235829e-11
2800	150	-3.330669074e-11
2801	139	2.95958813e-11
2802	130	4.013855914e-11
2803	127	-9.583622784e-11
2804	121	-4.868994097e-12
2805	126	-8.532197171e-11
2806	132	-6.051514845e-11
2807	123	1.172395514e-12
2808	121	4.185807256e-11
2809	131	1.056577048e-11
2810	136	-2.86615176e-11
2816	132	-2.522604348e-11
2817	127	8.196110457e-12
2818	122	-4.29061231e-11
2819	133	4.166267331e-11
2820	126	2.344435757e-11
2821	106	-2.298250479e-11
2852	110	7.052491924e-11
2853	116	-3.250733016e-12
2854	136	2.569322533e-11
2855	134	-2.376765451e-11
2856	134	4.370193096e-11
2857	143	-5.380762502e-11
2858	135	4.838796031e-12
2859	114	-3.489120104e-11
2860	115	5.161027161e-11
2861	129	-9.017853131e-11
2862	132	-6.521894136e-11
2863	114	-5.238653955e-11
2866	118	-5.885070209e-11
2867	113	9.457146177e-11
2873	111	2.28954633e-11
2880	123	2.706457281e-11
2881	114	2.566480362e-11
2882	111	9.833911463e-11
2883	116	5.675993009e-11
2884	103	-1.986144582e-11
2915	107	-1.209343736e-11
2916	123	9.094947018e-12
2917	140	7.78399567e-12
2918	140	3.61026764e-11
2919	143	2.05577777e-11
2920	135	8.686029673e-11
2921	101	-5.698552741e-12
2923	117	-6.902922678e-11
2924	119	3.835509688e-11
2925	103	-2.439648483e-11
2931	102	9.610090501e-12
2943	102	1.382005621e-11
2944	115	-1.861621968e-11
2945	110	-5.233857792e-11
2946	111	6.736655678e-11
2977	112	5.52695667e-11
2978	125	-4.219558036e-11
2979	140	4.060751735e-11
2980	156	3.950262339e-11
2981	148	1.006874584e-10
2982	141	5.009326287e-13
2983	116	-3.046807251e-11
2984	106	1.655209303e-11
2985	107	5.073630405e-11
2986	105	6.263434216e-12
2990	103	-2.117417353e-11
2991	104	3.492317546e-12
3008	102	7.432987559e-11
3039	102	2.930988785e-12
3040	131	7.798917068e-11
3041	145	2.57642796e-11
3042	153	-6.055955737e-11
3043	148	-6.320277635e-12
3044	134	2.504307872e-11
3045	114	3.143085792e-11
3046	104	1.012523398e-12
3051	102	9.423217762e-11
3062	101	3.687006256e-11
3063	103	4.064304449e-11
3101	106	3.022648798e-11
3102	133	2.775024655e-11
3103	147	-6.745537462e-11
3104	148	-1.853805998e-11
3105	148	3.110400826e-11
3106	119	3.189626341e-11
3107	109	-1.952571438e-11
3120	108	-2.389910492e-11
3121	119	1.042756992e-10
3122	120	6.705391797e-11
3123	121	8.432721188e-11
3124	115	3.726441378e-11
3125	107	3.914735203e-11
3126	113	-7.460698725e-12
3127	112	7.142020308e-11
3128	111	-7.112532785e-12
3129	119	4.781952612e-11
3130	133	-3.56337182e-11
3131	131	-7.423395232e-11
3132	120	3.258548986e-11
3133	103	2.756905815e-12
3162	103	3.95807831e-11
3163	128	-4.522604513e-12
3164	144	-2.103206498e-12
3165	148	2.478373062e-11
3166	134	5.063327535e-11
3167	133	3.521094527e-11
3168	114	9.84350379e-11
3169	116	4.891731464e-11
3180	104	7.348432973e-11
3181	124	5.292122296e-11
3182	136	4.323652547e-12
3183	121	4.461853109e-11
3190	115	-1.527666882e-13
3191	119	5.791989111e-11
3192	106	-2.87769808e-12
3193	110	4.38937775e-11
3196	107	3.885602951e-11
3197	103	1.38697942e-11
3198	113	8.689937658e-12
3199	109	9.49285095e-11
3224	117	2.795630394e-11
3225	130	3.611688726e-11
3226	148	7.008083003e-11
3227	140	8.435208088e-11
3228	120	8.663292306e-11
3229	136	4.135358722e-11
3240	100	-8.585132605e-11
3241	117	-5.935163472e-11
3242	136	5.918820989e-11
3243	128	1.06858522e-10
3244	114	3.251443559e-11
3246	105	6.249578632e-11
3247	104	4.255085173e-11
3248	109	3.90620869e-11
3249	110	7.773337529e-12
3250	107	5.366729283e-11
3251	124	4.192202141e-13
3252	129	6.249223361e-12
3253	121	-1.616484724e-12
3254	110	7.258194046e-11
3255	111	3.612043997e-11
3256	113	4.111910812e-11
3258	106	7.020872772e-11
3259	106	7.917577705e-11
3260	111	4.596145686e-11
3261	110	4.551026223e-11
3262	105	2.189892712e-11
3285	100	6.285461041e-11
3286	126	8.296652254e-11
3287	133	5.238121048e-11
3288	141	2.602718041e-11
3290	124	1.429611984e-11
3291	108	9.055867167e-12
3293	106	1.323741117e-11
3302	126	5.177369644e-11
3303	138	1.701749852e-11
3304	144	4.988010005e-12
3305	123	7.071321306e-11
3306	106	3.158717732e-11
3307	115	4.489209005e-11
3308	129	9.119816013e-12
3309	123	6.309619494e-11
3310	121	9.949019386e-11
3311	124	6.814460107e-11
3312	136	-1.116262638e-11
3313	120	3.442224283e-11
3314	105	1.022009144e-10
3315	107	2.738431704e-11
3316	108	2.658140374e-11
3317	126	3.339550858e-11
3318	106	1.008864103e-10
3319	111	8.18403123e-11
3320	139	1.594031573e-10
3321	129	1.421831541e-10
3322	117	9.507417076e-11
3323	138	1.200461952e-11
3324	131	5.332623232e-12
3325	128	5.767475386e-11
3326	126	9.728751138e-11
3327	111	-2.28048691e-11
3347	108	6.390976637e-11
3348	121	8.328271406e-11
3349	135	1.062083754e-10
3350	118	7.605649444e-11
3351	122	6.483702464e-11
3352	124	9.216805097e-11
3354	102	4.236611062e-11
3355	106	6.890132909e-11
3363	127	-1.314859333e-11
3364	139	9.787015642e-11
3365	137	7.944223057e-11
3366	122	6.957279197e-11
3367	130	5.499245503e-11
3368	121	1.868052379e-10
3369	120	2.187761083e-11
3370	131	1.574917974e-11
3371	135	-2.773603569e-11
3372	125	6.067324421e-11
3373	125	4.718003765e-11
3374	116	-2.307132263e-11
3375	111	1.051922993e-10
3376	103	4.273204013e-11
3377	107	6.382450124e-11
3380	111	2.57642796e-11
3381	120	3.540634452e-11
3382	125	5.97353278e-11
3383	113	3.439382112e-11
3384	128	6.257749874e-11
3385	132	7.010569902e-11
3386	123	6.465938895e-11
3387	121	9.624656627e-11
3388	119	8.986589251e-11
3389	120	6.892264537e-12
3390	118	8.262901474e-11
3391	121	7.897682508e-11
3409	103	1.463007493e-11
3410	115	4.614619797e-11
3411	126	3.459277309e-11
3412	116	2.435385227e-11
3413	149	3.646860591e-11
3414	117	4.344968829e-11
3415	116	4.068922976e-11
3416	115	2.565769819e-11
3425	124	1.595168442e-12
3426	126	4.985523105e-11
3427	120	8.569500665e-11
3428	113	2.763655971e-11
3429	116	1.653077675e-11
3430	128	3.026912054e-11
3431	135	5.338307574e-11
3432	115	5.261568958e-11
3434	103	4.439115742e-11
3435	117	1.368505309e-11
3436	130	9.17346199e-11
3437	111	1.693578611e-11
3438	106	2.017586098e-11
3439	130	4.377298524e-11
3440	124	3.371880553e-11
3441	120	2.556532763e-11
3442	139	4.131806008e-12
3443	124	2.893685291e-11
3444	113	-3.356248612e-11
3445	133	2.703970381e-11
3446	132	2.081890216e-12
3447	128	3.461408937e-11
3448	137	3.243627589e-11
3449	139	1.278195327e-10
3450	121	6.699707455e-11
3451	119	7.553424552e-11
3452	127	1.838174057e-11
3453	129	4.850519986e-11
3472	118	1.04662945e-11
3473	118	4.060751735e-11
3474	133	-4.547473509e-13
3475	127	2.593125714e-11
3477	116	3.616662525e-11
3484	100	6.751577075e-11
3485	115	1.957900508e-11
3486	122	3.40492079e-11
3487	124	9.224265796e-11
3488	117	-2.395594834e-11
3489	117	1.204725208e-11
3490	112	-1.232081104e-11
3491	111	4.497735517e-12
3492	129	3.196021225e-11
3493	120	1.073203748e-10
3494	115	2.382449793e-11
3495	128	3.249667202e-11
3496	127	4.810374321e-11
3500	110	-1.330846544e-11
3501	121	2.447819725e-12
3502	119	-2.086864015e-11
3503	129	4.957811939e-11
3504	132	7.45679074e-11
3505	131	9.343636975e-13
3506	128	-1.705302566e-12
3507	137	6.628653182e-11
3508	142	4.233768891e-11
3509	127	7.827694049e-11
3510	118	4.123279496e-11
3511	123	-6.075140391e-12
3512	133	3.336353416e-11
3513	133	2.186339998e-11
3514	114	8.684253316e-11
3515	110	7.273115443e-11
3516	123	6.368239269e-11
3517	127	4.231637263e-11
3518	112	-1.02069464e-11
3519	131	4.152767019e-11
3534	122	6.03606054e-12
3535	133	7.374723054e-11
3536	113	4.926192787e-11
3538	122	-4.62563321e-12
3545	114	1.000444172e-11
3546	126	6.365041827e-11
3547	126	5.965006267e-12
3548	122	9.258727118e-11
3549	113	-4.148148491e-11
3550	102	4.061107006e-11
3551	121	-3.18429727e-11
3552	132	5.692157856e-11
3553	117	1.794830951e-11
3554	126	1.198685595e-11
3555	118	-3.951683425e-11
3556	114	-5.204725539e-11
3557	115	2.273381483e-11
3558	111	-7.215561482e-12
3559	109	7.807088309e-11
3560	134	-1.424993457e-11
3561	113	7.736744578e-11
3562	107	-6.416200904e-12
3565	116	8.277822872e-13
3566	131	-6.330580504e-11
3567	135	-8.405720564e-12
3568	113	4.682476629e-11
3569	118	7.864997542e-11
3570	130	6.982858736e-11
3571	132	1.890398948e-11
3572	103	6.044942324e-11
3573	118	-3.511857471e-11
3574	119	3.28022054e-11
3575	119	2.163247359e-11
3576	105	7.722888995e-11
3577	102	3.157651918e-11
3578	110	-1.568167818e-11
3581	125	2.135891464e-11
3582	117	2.518163456e-11
3583	124	-1.57136526e-11
3595	103	3.907985047e-11
3597	105	8.822098607e-11
3598	114	6.323830348e-12
3605	100	5.020694971e-11
3606	121	1.514521841e-11
3607	128	9.218936725e-11
3608	128	8.998668477e-11
3609	117	5.381295409e-11
3610	120	2.955147238e-11
3611	113	7.531752999e-13
3612	111	8.082423619e-12
3613	106	1.784883352e-11
3614	114	3.358024969e-11
3615	129	-5.454836582e-11
3616	118	3.000621973e-11
3617	118	-1.357136625e-11
3618	122	-4.593658787e-12
3619	128	6.292921739e-11
3620	111	8.87467877e-12
3621	125	-2.590638815e-11
3622	129	3.961275752e-11
3623	136	6.301448252e-11
3624	139	6.500400218e-11
3625	114	5.249845003e-11
3626	107	-3.071320975e-11
3627	113	3.377209623e-11
3628	119	6.96331881e-13
3629	117	6.784617312e-11
3631	119	1.945466011e-11
3632	149	-3.469580179e-11
3633	110	1.616484724e-11
3634	107	7.397105151e-11
3635	118	8.980194366e-11
3637	117	-2.959410494e-12
3638	122	3.195310683e-11
3639	110	-2.254552101e-11
3643	120	5.904610134e-11
3644	127	8.49027515e-11
3645	129	1.141131634e-11
3646	134	8.434497545e-11
3647	133	7.133138524e-11
3656	112	5.779554613e-11
3657	118	1.11946008e-11
3658	116	6.734168778e-11
3659	113	5.869438269e-11
3660	105	-7.506884003e-12
3667	126	1.037747666e-11
3668	132	4.812150678e-11
3669	129	7.375433597e-11
3670	116	6.889067095e-11
3671	120	3.311129149e-12
3672	107	-3.083755473e-11
3673	119	7.599965102e-11
3674	138	2.124878051e-11
3675	140	-6.836842203e-11
3676	122	-3.442224283e-11
3677	134	2.29860575e-11
3678	123	1.177369313e-11
3679	107	1.847055842e-11
3680	126	4.903455419e-11
3681	126	-2.273736754e-12
3682	121	1.94795291e-11
3683	130	3.464961651e-11
3684	126	4.522249242e-11
3685	128	1.902833446e-11
3686	119	-3.135625093e-11
3687	107	-2.11421991e-11
3688	132	-2.435385227e-11
3689	140	6.462386182e-11
3690	124	1.18163257e-11
3691	119	-3.163691531e-11
3692	113	-6.937384001e-11
3693	101	4.284572697e-12
3694	105	5.948663784e-11
3695	109	-2.279776368e-11
3696	131	5.375255796e-11
3697	124	-1.586286658e-11
3698	105	2.644640062e-11
3699	112	-1.883648793e-11
3701	106	7.611689057e-11
3702	124	5.739408948e-11
3703	105	4.018829713e-11
3704	108	5.866596098e-11
3705	114	1.98951966e-11
3706	110	3.464961651e-11
3707	124	3.207034638e-11
3708	113	2.40767406e-11
3709	132	1.852740183e-11
3710	118	-4.032330025e-12
3711	109	3.850786356e-11
3715	102	1.976729891e-11
3716	105	3.048938879e-11
3717	115	7.463540896e-11
3718	101	5.793765467e-11
3719	118	4.763478501e-11
3720	143	-2.305711178e-11
3725	101	1.906741431e-11
3731	110	-2.959410494e-11
3732	113	-6.089351245e-12
3735	113	-5.655209634e-11
3736	126	-2.296474122e-11
3737	139	-2.770050855e-11
3738	144	4.38404868e-12
3739	132	-2.490097017e-11
3740	127	1.751487844e-11
3741	134	-6.203038083e-12
3742	119	-5.542233339e-11
3743	114	-3.549160965e-12
3744	127	-1.849898013e-11
3745	110	7.901945764e-11
3746	116	-8.032685628e-12
3747	135	-3.33741923e-11
3748	113	7.332801033e-12
3750	110	1.614353096e-11
3751	115	3.40243389e-11
3753	114	2.292566137e-11
3754	131	-5.322320362e-11
3755	120	1.228848134e-10
3756	111	5.698197469e-11
3757	117	2.145128519e-11
3758	123	2.041744551e-11
3759	103	-3.936406756e-12
3760	105	7.623057741e-11
3761	113	2.706102009e-11
3762	115	4.370548368e-11
3763	109	1.13757892e-11
3764	116	6.704681255e-11
3766	106	6.259881502e-11
3767	122	2.283329081e-11
3768	114	7.140954494e-11
3769	112	-5.779909884e-11
3770	144	-1.61541891e-11
3771	106	1.06126663e-10
3773	100	1.013518158e-10
3774	134	-3.729994091e-11
3775	133	8.271427987e-11
3777	108	5.801581437e-12
3778	113	8.198242085e-11
3779	109	8.751399605e-11
3788	128	6.065548064e-11
3789	143	6.221156923e-11
3800	109	3.751665645e-12
3801	122	7.630518439e-11
3802	113	1.934452598e-11
3803	114	9.286793556e-12
3804	104	2.754774187e-11
3805	132	1.476507805e-11
3806	134	3.045386165e-11
3807	110	1.530509053e-11
3808	108	4.435918299e-11
3809	119	4.155964461e-11
3810	109	2.013678113e-11
3811	124	1.967492835e-11
3812	108	-1.753619472e-11
3813	105	-1.346478484e-11
3814	130	-6.673772646e-11
3815	121	6.461675639e-11
3816	106	3.432987228e-11
3818	117	1.231725832e-11
3819	126	2.183142556e-11
3820	116	5.813660664e-11
3821	125	6.194866842e-11
3822	123	5.89572835e-11
3823	115	3.709033081e-11
3824	105	3.369748924e-11
3825	101	-2.965450108e-11
3826	106	2.349409556e-11
3827	110	3.481304134e-11
3828	116	4.551026223e-11
3829	106	-2.474109806e-11
3830	120	1.139710548e-10
3831	114	7.205613883e-11
3832	137	5.48538992e-11
3833	131	2.558664391e-11
3834	121	6.185629786e-11
3835	123	3.846878371e-11
3836	118	1.165645358e-11
3839	106	4.650857477e-11
3840	101	9.915623878e-12
3853	118	-1.232791647e-11
3863	126	4.963141009e-12
3864	111	-3.687716799e-12
3866	131	1.470823463e-11
3867	113	4.741806947e-11
3868	137	3.489475375e-11
3869	144	3.600320042e-11
3870	130	-4.522604513e-12
3871	123	7.283063042e-12
3872	107	-3.857181241e-11
3873	122	-8.810729923e-12
3874	105	6.505018746e-11
3875	116	2.408739874e-12
3876	101	7.880984754e-11
3878	109	5.308109507e-11
3880	103	1.422861828e-11
3881	104	-3.456790409e-12
3883	107	1.043787279e-11
3884	132	7.496581134e-11
3885	119	7.403855307e-11
3886	108	3.000621973e-11
3887	124	5.332623232e-11
3888	132	4.207834081e-11
3889	123	4.178346558e-11
3890	110	8.221334724e-11
3891	124	6.137668151e-11
3892	118	6.190958857e-11
3893	119	8.666134477e-11
3894	119	1.1143797e-10
3896	103	4.089173444e-11
3897	138	5.74260639e-11
3898	143	1.33226763e-11
3899	135	-1.761080171e-11
3900	107	-2.880895522e-11
3901	121	7.977973837e-11
3902	126	3.424460715e-11
3903	116	5.678657544e-11
3904	122	3.218403322e-11
3908	123	3.624833766e-11
3909	128	3.154809747e-11
3921	121	1.389111048e-12
3922	118	5.036682182e-11
3923	118	1.409361516e-11
3924	122	7.181633066e-11
3925	107	6.667200125e-11
3926	115	-2.888889128e-11
3927	135	-3.031885853e-11
3928	134	2.263433885e-11
3930	126	-6.314238021e-11
3931	121	4.577671575e-12
3932	124	7.850786687e-11
3933	140	6.077094383e-11
3934	117	-2.597388971e-11
3935	117	3.735500798e-11
3936	118	-8.792966355e-13
3937	107	2.068389904e-11
3938	118	-8.604850166e-11
3939	129	4.626343753e-11
3940	120	5.765343758e-11
3941	128	6.41264819e-12
3942	118	3.635314272e-11
3943	113	-6.730260793e-11
3944	109	6.716049938e-11
3946	108	7.945644143e-12
3947	105	3.31930039e-11
3948	123	1.200390898e-10
3949	133	3.482014677e-11
3950	108	7.207212604e-11
3952	112	8.639133853e-11
3953	139	6.091838145e-11
3954	107	-3.555378214e-11
3955	113	4.472688886e-11
3956	130	1.853628362e-11
3957	121	7.125144919e-11
3958	128	4.238209783e-11
3959	111	9.913669885e-11
3960	105	3.669242687e-11
3961	102	4.947153798e-11
3962	125	5.16191534e-11
3963	126	6.695977106e-11
3964	104	-1.127631322e-11
3965	106	4.057199021e-11
3966	126	1.035420638e-10
3967	131	9.438139159e-11
3968	120	3.77902154e-11
3969	115	8.237321936e-11
3970	127	3.871569731e-11
3971	132	4.343192472e-11
3972	141	3.496403167e-11
3984	120	2.282085632e-11
3985	127	-4.862066305e-11
3986	113	2.336797422e-11
3987	104	-1.030286967e-11
3988	133	3.154632111e-11
3989	112	3.753264366e-11
3990	128	-3.262456971e-11
3991	134	6.313172207e-12
3992	140	1.293187779e-12
3993	134	7.175771088e-11
3995	124	3.292655038e-11
3996	119	2.511235664e-11
3998	137	-5.642419865e-11
3999	134	5.985967277e-11
4000	111	-3.876010624e-12
4001	132	-3.820410654e-11
4002	127	-5.822542448e-11
4003	112	1.833200258e-12
4004	113	2.778044461e-11
4005	123	3.327471632e-11
4006	106	7.332445762e-11
4007	100	5.226752364e-11
4008	103	4.721556479e-11
4009	109	3.256062087e-11
4010	110	-1.200284316e-11
4011	108	1.215560985e-11
4013	103	-1.635669378e-11
4014	132	6.65423272e-11
4015	111	7.857003936e-11
4018	114	1.199040867e-11
4019	111	5.154454641e-11
4020	108	-4.044764523e-12
4021	107	5.337952302e-12
4022	110	4.950884147e-11
4023	117	8.677147889e-11
4024	117	-8.540723684e-12
4025	108	9.924683297e-11
4026	101	1.200461952e-10
4027	109	1.247126846e-10
4028	134	-8.318679079e-12
4029	110	7.191047757e-11
4030	112	9.547918012e-11
4031	116	-3.574029961e-12
4032	120	3.608668919e-11
4033	114	4.709477253e-11
4034	118	9.140244117e-11
4035	121	-2.770406127e-11
4036	128	4.747491289e-11
4037	100	6.644640393e-11
4042	101	2.570388347e-12
4043	112	5.670308667e-11
4044	120	1.325162202e-12
4045	137	4.949640697e-11
4046	113	-1.620215073e-11
4047	128	-3.142375249e-11
4048	140	2.584599201e-12
4049	113	7.170442018e-11
4050	122	4.584599367e-11
4051	120	2.373745644e-11
4052	139	4.658673447e-11
4053	119	7.320721807e-11
4054	113	4.460609659e-11
4055	151	-1.261213356e-12
4056	131	1.72857284e-11
4057	128	-1.156585938e-11
4058	114	3.375610902e-11
4059	135	1.667999072e-12
4060	140	1.0144241e-10
4061	106	6.305889144e-11
4062	121	-2.092725992e-11
4063	144	5.36850564e-11
4064	106	9.235634479e-11
4065	124	-5.545786053e-12
4066	147	-3.705125096e-11
4067	118	1.600497512e-12
4068	102	1.618261081e-12
4069	122	1.139177641e-11
4070	104	3.388933578e-11
4072	102	5.343103737e-11
4073	107	-5.705658168e-12
4074	100	2.708766544e-11
4075	104	7.440803529e-11
4078	119	3.485212119e-11
4079	109	5.161382433e-11
4080	116	-1.894129298e-11
4081	102	2.87396773e-11
4083	132	1.191100552e-10
4086	109	4.913047746e-11
4087	118	8.1943341e-11
4088	119	2.395239562e-11
4089	121	6.085087989e-11
4090	103	6.533440455e-11
4093	107	2.412292588e-11
4094	119	4.774491913e-11
4095	116	1.374189651e-11
